includes/mnt-gz50.asc
ncols         257
nrows         171
xllcorner     581631.96258723
yllcorner     2322297.7286513
cellsize      50
NODATA_value  -9999
[rows 29 to 57 of 171, columns 67 to 133 of 257]
6.039468 6.097268 6.134079 6.129316 6.014529 6 6 6 6 6 6 6 6 6 6 6 6 6 6 6 6 6 6 6 6 6 6 6.029448 6.42785 6.494016 6.140174 6 8.263978 12.00169 12 12.00517 12.02431 12.04638 11.90662 11.46942 11.44016 11.41156 11.37648 11.23779 11.05105 10.54443 10.08694 9.316441 8.402687 6.703299 5.771379 5.941515 6 6.107864 6.460718 7.206803 7.581828 7.962089 8.255567 8.787899 8.923235 8.568285 7.577055 7.307842 7.034253 6.763048 6.640227
6.001885 6.090822 6.178 6.000254 6 6 6 6 6 6 6 6 6 6 6 6 6 6 6 6 6 6 6 6 6 6 6 6 6 6 6 6 6 7.967088 10.5973 12 12.00269 11.9111 11.61785 11.02001 10.79655 10.75337 10.72547 10.63071 10.55704 10.31083 9.825761 8.676603 7.753651 7.248361 6.878555 6.171844 6 6 6.019014 6.68176 7.091284 7.503845 7.904298 8.085876 8.086303 8.086731 7.655867 7.387123 7.111457 6.82548 6.759589
6 6.043795 6.179012 6 6 6 6 6 6 6 6 6 6 6 6 6 6 6 6 6 6 6 6 6 6 6 6 6 6 6 6 6 6.022252 6.440533 8.253471 11.83163 11.99894 11.82016 11.50501 10.88467 10.58126 10.4261 10.37928 10.24352 10.17452 10.06178 9.363156 8.112864 7.975677 7.688869 7.38383 6.370278 6 6 6 6.485719 6.9083 7.331389 7.71329 8.308799 8.311555 8.28517 7.677737 7.394435 7.066082 6.773171 6.779455
6 6.005739 6.032506 6 6 6 6 6 6 6 6 6 6 6 6 6 6 6 6 6 6 6 6 6 6 6 6 6 6 6 6 6.001869 6.371522 6.854743 7.509347 11.25784 12 11.92895 11.62097 10.95825 10.61145 10.41282 10.37356 10.20189 10.1252 10.05158 9.799641 8 8.120104 8.171795 7.895174 6.487617 6 6 6 6.322936 6.754951 7.140387 7.514038 8.443789 8.546386 8.418269 7.673389 7.338632 6.9989 6.720863 6.742329
6 6 6 6 6 6 6 6 6 6 6 6 6 6 6 6 6 6 6 6 6 6 6 6 6 6 6 6 6 6 6 6.006857 6.200088 6.25802 6.465008 11.12546 11.91749 11.99356 11.78154 11.10775 10.64738 10.60568 10.69121 10.53145 10.43545 10.33945 10.18502 9.252709 9.465875 9.037561 8.522809 6.965996 6.118406 6 6 6.179463 6.567484 6.941135 7.314786 8.173668 8.732019 8.478925 7.611182 7.271451 6.931719 6.672594 6.709846
6 6 6 6 6 6 6 6 6 6 6 6 6 6 6 6 6 6 6 6 6 6 6 6 6 6 6 6 6 6 6.086407 6.949301 6.871775 6.079743 6 9.640588 11.01377 11.85989 11.99219 11.02111 10.85534 10.97063 11.08592 11.22812 11.13729 11.0282 10.82873 10.5664 10.42494 10.05107 9.331113 7.709386 7.005114 6.349619 5.735519 5.833767 6.190661 6.561386 6.932192 7.679949 8.001389 8.175699 7.543604 7.145281 6.797357 6.58285 6.78848
6 6 6 6 6 6 6 6 6 6 6 6 6 6 6 6 6 6 6 6 6 6 6 6 6 6 6 6 6 6 6.015991 6.539879 6.658539 6.116095 6 7.994411 10.50657 11.42789 11.99669 11.0088 11.03781 11.1531 11.26839 11.49419 11.48718 11.36238 11.20138 10.96536 10.8424 10.35159 9.985029 8.128986 7.286975 6.535185 5.881579 5.708695 6.011267 6.378594 6.749401 7.536122 7.91906 8 7.541837 7.124941 6.734011 6.553622 6.82982
6 6 6 6 6 6 6 6 6 6 6 6 6 6 6 6 6 6 6 6 6 6 6 6 6 6 6 6 6 6 6 6.01948 6.082545 6.054455 6 7.090455 9.113902 10.40309 11.84787 11.36471 11.32401 11.41121 11.5038 11.69997 11.78941 11.68516 11.49766 11.03669 10.74616 10.12983 9.944641 8.042939 7.488676 6.759166 6.072982 5.811816 5.889429 6.195859 6.578182 7.406709 7.825438 8.008171 7.587882 7.154575 6.727783 6.525951 6.713974
6 6 6 6 6 6 6 6 6 6 6 6 6 6 6 6 6 6 6 6 6 6 6 6 6 6 6 6 6 6 6 6.078054 6.034081 6.007108 6.036732 6.330081 7.492205 8.764406 10.63634 11.9189 11.82806 11.87916 11.91264 11.93033 11.91829 11.82169 11.43123 10.63599 10.26452 10 9.521524 8.105314 7.708837 7.001118 6.290771 5.942934 5.929853 6.056828 6.479511 7.338847 7.750381 8.07792 7.64585 7.213222 6.827282 6.519378 6.566565
6 6 6 6 6 6 6 6 6 6 6 6 6 6 6 6 6 6 6 6 6 6 6 6 6 6 6 6 6 6 6.008399 6.2043 6.241677 6.195647 6.148391 6.139088 6.09387 6.048858 6.3791 11.01249 11.96975 11.9992 11.99126 11.96716 11.96482 11.96626 11.8953 11.18109 10.84451 10.58642 10.41356 9.988376 9.240191 8.061557 7.221778 5.753431 5.503026 5.948508 6.372072 7.191202 7.600714 8.160021 7.772132 7.419634 7.10006 6.781179 6.286129
6 6 6 6 6 6 6 6 6 6 6 6 6 6 6 6 6 6 6 6 6 6 6 6 6 6 6 6 6 6 6.020334 6.227999 6.321057 6.301382 6.254127 6.252478 6.273994 6.228395 6.176234 9.05023 11.32039 12 11.99986 11.98973 11.98929 11.99066 11.98997 11.67684 11.34379 11.00369 10.56827 10.28573 10.13722 9.651156 7.92114 6.19183 5.850018 5.99831 6.235359 7.100647 7.521866 7.996997 7.906846 7.556395 7.237514 6.918632 6.290066
6 6 6 6 6 6 6 6 6 6 6 6 6 6 6 6 6 6 6 6 6 6 6 6 6 6 6 6 6 6 6.037374 6.251491 6.359238 6.404765 6.359861 6.332956 6.388316 6.408782 6.362921 6.916014 9.923208 11.81176 12 12.01789 12 12 12 11.9548 11.48667 10.95858 10.766 10.50977 10.37131 10.16702 9.174616 6.683188 6.028697 6 6.078405 6.928264 7.388599 7.8345 7.971112 7.709761 7.388314 7.067583 6.429464
6 6 6 6 6 6 6 6 6 6 6 6 6 6 6 6 6 6 6 6 6 6 6 6 6 6 6 6 6 6.00006 6.059488 6.274982 6.38273 6.479344 6.465597 6.413998 6.468882 6.524154 6.543571 6.204695 8.246245 10.65837 11.90403 12.14539 12 12 12 11.87235 11.36257 11.13257 11.04086 10.78274 10.54942 10.29969 9.902874 7.067736 6.088262 6 6.019269 6.854501 7.296763 7.732515 8 7.877658 7.563147 7.248709 6.691643
6 6 6 6 6 6 6 6 6 6 6 6 6 6 6 6 6 6 6 6 6 6 6 6 6 6 6 6 6 6.01283 6.106472 6.321966 6.429713 6.53746 6.637208 6.591769 6.629848 6.68529 6.740733 6.464005 7.564021 9.636068 10.20634 11.77924 12 12 12 12 11.96465 11.79327 11.55109 11.07256 10.83436 10.59652 10.37073 9.894932 7.804776 6.012031 6.199987 6.963344 7.348325 7.727577 8.000572 8.102758 8.233336 7.83607 7.319355
6 6 6 6 6 6 6 6 6 6 6 6 6 6 6 6 6 6 6 6 6 6 6 6 6 6 6 6 6 6.026767 6.129963 6.345458 6.453205 6.560952 6.668699 6.689939 6.71033 6.765773 6.821216 6.499616 6.363608 7.885024 8.902359 10.28377 11.53119 11.99393 12 12 12 11.966 11.76659 11.29019 11.05219 10.82381 10.62157 10.29289 9.779181 7.894167 7.070125 7.610801 7.905616 7.998841 8.088865 8.378818 8.678126 8.611437 7.636776
6 6 6 6 6 6 6 6 6 6 6 6 6 6 6 6 6 6 6 6 6 6 6 6 6 6 6 6 6 6.045927 6.153455 6.368949 6.476696 6.584444 6.692191 6.794027 6.791082 6.846256 6.901699 6.417821 6.164784 6.139966 7.272607 9.022537 10.1118 11.28849 11.97332 12 12 12 11.95453 11.50787 11.27737 11.07052 10.88515 10.534 10.29167 9.99622 8.910667 7.991686 8 8 8.068816 8.41428 8.791365 9.144795 7.930391
6 6 6 6 6 6 6 6 6 6 6 6 6 6 6 6 6 6 6 6 6 6 6 6 6 6 6 6 6.006873 6.09269 6.200438 6.415932 6.523679 6.631427 6.739174 6.951186 6.968041 7.007221 6.952739 6.529342 6.432322 6.323895 6.1886 6.001682 6.269429 7.530564 9.599705 12 12 12.01042 12.0755 11.94157 11.76104 11.56807 11.37549 10.9347 10.84586 10.64779 10.4347 9.345779 8.085822 8 8 8.023249 8.186368 8.294947 8.010279
6 6 6 6 6 6 6 6 6 6 6 6 6 6 6 6 6 6 6 6 6 6 6 6 6 6 6 6 6.017922 6.116182 6.223929 6.439424 6.547171 6.654918 6.762666 6.97816 7.054543 7.082981 6.914896 6.653946 6.51707 6.363755 6.209589 6 6 6.122944 8.457807 11.95944 12.00873 12.27422 12.26831 11.99979 11.93422 11.75083 11.56118 10.92379 10.94656 10.92883 10.75343 10.32338 9.791148 8.493982 8 8 8 8.030978 8.456295
6 6 6 6 6 6 6 6 6 6 6 6 6 6 6 6 6 6 6 6 6 6 6 6 6 6 6 6 6.034067 6.139674 6.247421 6.462915 6.570663 6.67841 6.786157 7.001652 7.107102 7.126343 6.983799 6.69182 6.537653 6.383486 6.229319 6 6 6 6.745833 10.67426 12.03387 12.58809 12.22558 12 11.99914 11.9283 11.75751 10.91539 10.9514 10.98741 10.99827 10.64643 10.42799 10.19523 8 8 8 8.000547 8.380823
6 6 6 6 6 6 6 6 6 6 6 6 6 6 6 6 6 6 6 6 6 6 6 6 6 6 6 6 6.055418 6.163166 6.270913 6.486407 6.594154 6.701901 6.809649 7.025143 7.137089 7.141983 7.006289 6.708726 6.557258 6.403217 6.24905 6.000433 6 6 6.024875 9.387845 10.97397 12.18041 12.00603 12 12 12 11.83508 10.92024 10.95625 10.99226 11.02827 10.96163 10.7161 10.41696 8 8 8 8 8.179465
6 6 6 6 6 6 6 6 6 6 6 6 6 6 6 6 6 6 6 6 6 6 6 6 6 6 6 6.010839 6.102402 6.210149 6.317896 6.533391 6.641138 6.748885 6.855396 7.146522 7.265905 6.936793 6.826132 6.609015 6.499306 6.375219 6.229458 6 6 6.00294 6 8.221247 9.424707 10.50527 11.71368 12 12 11.99375 11.62675 10.9844 11.07707 11.18261 11.28861 11.24699 10.93687 10.62286 10.18381 9.529568 8.075698 8 8
6 6 6 6 6 6 6 6 6 6 6 6 6 6 6 6 6 6 6 6 6 6 6 6 6 6 6 6.023969 6.125893 6.23364 6.341388 6.556882 6.664629 6.767038 6.870533 7.278203 7.240974 6.823503 6.724205 6.507088 6.39853 6.289971 6.180926 6.059158 6.187089 6.324108 6.051147 7.966309 9.063021 9.904959 10.90145 12 12 11.98613 11.69003 11.23182 11.32617 11.43216 11.53558 11.35019 11.035 10.76199 10.3849 10.2003 9.334412 8 8
6 6 6 6 6 6 6 6 6 6 6 6 6 6 6 6 6 6 6 6 6 6 6 6 6 6 6 6.042218 6.149385 6.257132 6.364879 6.580374 6.675322 6.779241 6.980706 7.402345 7.149077 6.709104 6.622279 6.405161 6.296603 6.188044 6.079485 6.154331 6.560738 6.699274 6.183549 7.617389 8.521227 9.288061 10.23983 11.90209 12.02516 12.10234 12.07295 11.55053 11.58335 11.68171 11.74994 11.44842 11.15752 10.95725 10.58592 10.40154 10.18965 8.760695 8
6 6 6 6 6 6 6 6 6 6 6 6 6 6 6 6 6 6 6 6 6 6 6 6 6 6 6 6.065129 6.172876 6.280624 6.388371 6.578181 6.690754 6.897798 7.112387 7.467154 7.042309 6.593887 6.520231 6.303235 6.194676 6.086117 6.008029 6.082864 6.395926 6.546651 6.164768 7.458524 7.908319 8.637052 9.56288 11.27981 11.97212 12.5781 12.81306 11.88465 11.88942 11.922 11.91764 11.55854 11.34425 11.1584 10.78696 10.60062 10.36913 9.907303 8
6 6 6 6 6 6 6 6 6 6 6 6 6 6 6 6 6 6 6 6 6 6 6 6 6 6 6 6.112113 6.21986 6.319545 6.374985 6.731982 6.946571 7.16116 7.375749 7.374332 6.828772 6.363451 6.306291 6.099381 6.013002 6 6 6 6 6.009061 6.035371 6.773502 7.30258 7.83522 8.527121 9.654371 10.18547 10.6895 11.47328 12 12 12 12 11.8877 11.70309 11.51666 11.14071 10.93668 10.67098 10.39146 8.129635
6 6 6 6 6 6 6 6 6 6 6 6 6 6 6 6 6 6 6 6 6 6 6 6 6 6 6 6.135604 6.224295 6.273753 6.434485 6.863663 7.073342 7.248968 7.358833 7.131478 6.722004 6.248232 6.193961 6.01549 6 6 6 6 6 6 6 6.57229 7.098175 7.559223 7.997748 8.724472 9.118473 9.505154 10.0314 11.728 12 12 12 11.96068 11.77701 11.57929 11.23855 11.01888 10.77307 10.52291 9.105154
6.019626 6.008919 6.000585 6 6 6 6 6 6 6 6 6 6 6 6 6 6 6 6 6 6 6 6 6 6 6 6 6.123094 6.173454 6.351577 6.55082 6.828705 6.889997 6.877836 6.74093 6.337235 6.331479 6.117326 6.078761 6 6 6 6 6 6 6 6 6.467439 6.934033 7.390868 7.639794 7.979616 8.157415 8.416594 8.847444 10.07027 11.41945 11.99086 12 11.98411 11.82804 11.65619 11.33672 11.09781 10.85199 10.60617 10.05561
6.401786 6.358268 6.307282 6.094657 6.038969 6.007586 6 6 6 6 6 6 6 6 6 6 6 6 6 6 6 6 6 6 6.002735 6.035254 6.040961 6.055299 6.164651 6.269848 6.343551 6.40767 6.334544 6.239315 6.357734 6.771637 6.662717 6.370916 6.18904 6.000718 6 6 6 6 6 6 6 6.396478 6.853789 7.138675 7.367251 7.964078 7.846903 7.879643 8.027849 9.230572 10.28956 11.47129 11.98731 11.99909 11.91609 11.76227 11.42254 11.17673 10.93091 10.68685 10.23444
7.437664 7.369655 7.211136 6.854835 6.765353 6.699697 6.685959 6.460626 6.298714 6.138214 6.085938 6.002591 6 6 6 6 6 6 6 6 6 6 6.016087 6.896443 7.374725 7.249094 7.00597 6.863169 6.752753 6.678755 6.660719 7.041736 7.426663 7.849797 7.999819 7.997227 7.861256 7.51628 7.314665 6.870451 6.913346 6.946263 6.932755 7.382001 7.245399 7.151725 7.171305 7.160169 7.115417 7.565943 7.94678 7.827258 7.632616 7.50736 7.584008 8.01882 8.287807 8.959827 10.00558 12 12 11.97446 11.59527 11.38937 11.18905 10.96585 10.56237
