includes/mnt-gz40.asc
ncols         321
nrows         214
xllcorner     581631.96258723
yllcorner     2322287.7286513
cellsize      40
NODATA_value  -9999
[rows 180 to 209 of 214, columns 134 to 200 of 321]
5.952652 5.987685 6.050944 6.146809 6.240201 6.330477 6.238546 6.073644 5.941267 5.827442 5.729547 5.695765 5.684095 5.694186 5.776591 5.858694 5.939268 6.003435 6.089219 6.20931 6.329401 6.448752 6.539873 6.541646 6.458199 6.373739 6.289279 6.20482 6.121114 6.065053 6.041493 6.026418 6.026239 6.035131 6.029542 6.018619 6.004532 6 6 6 6 6 6 5.857206 5.550316 5.31833 5.7323 6 6 6 6 5.981108 6.099061 6.269224 6.358368 6.330732 6.111282 5.941471 5.841353 5.741843 5.642333 5.542964 5.5 5.5 5.5 5.514064 5.587863
6.00799 6.071457 6.146904 6.235826 6.326677 6.408463 6.273508 6.072657 5.939318 5.843856 5.813465 5.801795 5.790124 5.779938 5.830851 5.922334 5.995141 6.027703 6.111119 6.23121 6.350296 6.438237 6.492389 6.518288 6.44365 6.359191 6.274731 6.190958 6.134238 6.110556 6.088861 6.067349 6.055633 6.060518 6.052755 6.035824 6.011993 5.768111 5.709608 5.684812 5.705327 5.778527 5.903436 5.877007 5.574202 5.329308 5.684531 6 6 6 5.975506 5.790199 5.938625 6.08756 6.11055 6.130844 6.075303 5.947623 5.859203 5.762541 5.663031 5.56352 5.500813 5.5 5.508547 5.575207 5.660541
6.112201 6.174714 6.245219 6.323155 6.413153 6.482605 6.316332 6.092983 5.958405 5.931165 5.919495 5.907825 5.896154 5.884484 5.891699 5.973282 6.022444 6.048937 6.133019 6.251482 6.336504 6.389958 6.442364 6.48573 6.429102 6.344643 6.260803 6.203422 6.179624 6.15793 6.136236 6.114542 6.093539 6.085065 6.067512 6.041476 6.014192 5.441053 5.260906 5.388495 5.541856 5.694396 5.846873 5.948968 5.751519 5.593201 5.74712 6 6 5.994212 5.807634 5.565712 5.830871 6 6 6 5.997865 5.948429 5.858618 5.771296 5.681646 5.584218 5.505813 5.504377 5.56255 5.647884 5.733219
6.244566 6.296875 6.352755 6.41926 6.49989 6.548562 6.359342 6.134004 5.968595 5.923361 5.924762 5.942412 5.952482 5.960896 5.963637 6.006936 6.041068 6.070217 6.152496 6.234343 6.287528 6.339934 6.39234 6.443946 6.414555 6.330641 6.272606 6.248693 6.226999 6.205305 6.183254 6.160786 6.137898 6.101777 6.065621 6.03828 6.010984 5.928035 5.790426 5.613159 5.542951 5.635069 5.787358 5.938235 5.934045 5.891057 5.954659 6 6 5.881331 5.563063 5.377623 5.812812 6 6 6 5.992254 5.96172 5.894127 5.794729 5.696074 5.601413 5.516715 5.550515 5.635666 5.72163 5.808044
6.378211 6.430521 6.48283 6.53546 6.595408 6.611797 6.406991 6.182379 5.987342 5.883442 5.789005 5.733186 5.73391 5.762062 5.839164 6.013844 6.05099 6.084227 6.132409 6.185254 6.237771 6.289909 6.342316 6.394722 6.398757 6.341792 6.317418 6.294964 6.272095 6.248811 6.225469 6.202126 6.178782 6.12527 6.060722 6.031631 6.005891 6 6 6 5.974685 5.88542 5.834973 5.888688 5.993732 6 6 6 5.996425 5.843138 5.536599 5.422006 5.871888 6 6 5.999842 5.982405 5.951527 5.917771 5.842602 5.742578 5.642488 5.58041 5.6467 5.721875 5.809371 5.896866
6.511857 6.564167 6.614204 6.649955 6.669436 6.668879 6.470533 6.242755 6.030053 5.909101 5.809969 5.710897 5.613054 5.55441 5.726285 5.968307 6.032086 6.05822 6.082674 6.13402 6.186869 6.239717 6.292566 6.345125 6.383441 6.381822 6.359667 6.336324 6.312981 6.289638 6.266294 6.242951 6.218039 6.152668 6.071275 6.024966 6.002326 6 6 6 6 6 6 5.996736 5.994924 6 6 6 6 5.9477 5.775588 5.643604 5.927907 6 6 5.996996 5.97113 5.940252 5.909374 5.873004 5.790517 5.690427 5.686087 5.790245 5.84026 5.900738 5.978657
6.614232 6.626066 6.623562 6.618752 6.624816 6.686439 6.612587 6.345897 6.09766 5.94213 5.841025 5.737283 5.634259 5.585723 5.688997 5.832264 5.984944 6.02156 6.036633 6.081308 6.134157 6.187033 6.240266 6.286945 6.319813 6.358989 6.385289 6.377071 6.353806 6.330463 6.30712 6.283778 6.254313 6.180064 6.097009 6.023922 6.000385 6 6 6 6 6 6 6 6 5.996404 6 6 6 6 5.987534 5.909577 5.970748 6 6 5.988579 5.959072 5.928723 5.89809 5.867221 5.827 5.748919 5.807344 5.915724 5.98535 5.994413 6.005163
6.570554 6.565744 6.560935 6.556864 6.594378 6.665667 6.713947 6.517432 6.241622 5.965441 5.85439 5.751348 5.67052 5.667999 5.784292 5.90663 5.970091 5.962236 5.986207 6.029358 6.08158 6.134908 6.182746 6.216117 6.247545 6.285546 6.327638 6.368351 6.386516 6.37129 6.347947 6.324604 6.287504 6.207461 6.124406 6.038491 5.978287 5.981054 5.984648 5.988242 5.991614 5.993639 5.995435 5.997232 5.996979 5.627914 5.898412 5.998264 5.994659 5.9286 5.886137 5.884749 5.935921 5.997987 5.989822 5.992101 5.96979 5.937626 5.90443 5.871804 5.839504 5.822314 5.89821 5.980814 6.008511 6.023685 6.026025
6.507927 6.503118 6.498308 6.508529 6.573493 6.644861 6.716229 6.680474 6.398187 5.984659 5.869023 5.784612 5.726464 5.757514 5.879588 5.970794 5.918608 5.876661 5.905965 5.96665 6.029193 6.078482 6.112567 6.14403 6.17543 6.211929 6.254021 6.296112 6.338203 6.376242 6.385165 6.36543 6.31771 6.232838 6.137912 6.033872 5.883369 5.864263 5.871451 5.878639 5.885828 5.893016 5.900581 5.921406 5.966107 5.797853 5.802041 5.949619 5.944954 5.751502 5.550928 5.366232 5.258597 5.461611 5.95897 6 6 5.996407 5.979903 5.950254 5.915846 5.907011 5.967937 6.011516 6.033595 6.048358 6.043519
6.4453 6.440491 6.437358 6.481318 6.552687 6.624055 6.695424 6.756006 6.521054 6.020023 5.902645 5.830605 5.790407 5.852545 5.961849 5.936321 5.85619 5.796481 5.823382 5.891198 5.965561 6.00959 6.040479 6.071942 6.103405 6.138427 6.180403 6.222495 6.264586 6.306678 6.348904 6.382105 6.333447 6.234364 6.13099 6.023381 5.826037 5.733803 5.740992 5.748179 5.755998 5.777843 5.82305 5.878733 5.939399 5.97033 5.9605 5.999164 5.99201 5.846057 5.634815 5.423573 5.217778 5.358978 5.957235 6 6 6 6 5.999434 5.989948 5.984538 6.016287 6.038192 6.059056 6.071162 6.057428
6.375085 6.377864 6.393034 6.460513 6.531881 6.602759 6.670512 6.734805 6.631284 6.160881 5.941995 5.88902 5.861054 5.944212 5.95285 5.873902 5.793771 5.721774 5.742688 5.815599 5.886399 5.942579 5.971745 6.000841 6.031366 6.065212 6.106786 6.149356 6.193067 6.237999 6.283877 6.308736 6.257631 6.196968 6.124611 6.036516 5.821993 5.620117 5.611343 5.63393 5.679662 5.735179 5.790662 5.850118 5.929019 5.947992 5.870866 5.970183 6 5.954292 5.758792 5.54755 5.367698 5.433495 5.9555 6 6 6 6 6 6 6.001779 6.025037 6.054404 6.081422 6.088707 6.069581
6.273794 6.314656 6.363293 6.427036 6.487279 6.544583 6.601562 6.658541 6.552343 6.190931 5.989278 5.951976 5.937984 5.965434 5.891615 5.811484 5.731353 5.652997 5.664821 5.735487 5.805226 5.871405 5.907152 5.935323 5.963494 5.995669 6.039263 6.085207 6.131165 6.177125 6.222029 6.201658 6.142552 6.083445 6.030015 6.003069 5.943187 5.636905 5.536173 5.591692 5.64717 5.702648 5.761226 5.838703 5.922213 5.950293 5.781504 5.888181 5.993126 5.997975 5.882239 5.671527 5.539564 5.557399 5.953765 6 6 6 6 6 6 6.001704 6.022936 6.048024 6.073232 6.108211 6.087128
6.216528 6.271696 6.297861 6.349866 6.406845 6.463824 6.520804 6.577783 6.444928 6.109338 6.02263 6.005161 5.985546 5.936322 5.873564 5.815948 5.763003 5.704783 5.658576 5.661524 5.724054 5.793719 5.842549 5.870777 5.899924 5.938543 5.980546 6.024527 6.070373 6.116663 6.139895 6.086579 6.032365 6.003853 6 6 6 5.84603 5.545313 5.559155 5.614633 5.672349 5.748388 5.831897 5.915407 5.957448 5.714032 5.793332 5.939197 5.999945 5.974457 5.798596 5.730198 5.730439 5.95203 6 6 6 6 6 6 5.998163 6.003743 6.023824 6.06299 6.119423 6.124095
6.198836 6.243962 6.249692 6.275689 6.326087 6.383066 6.440045 6.497025 6.337241 6.077434 6.050264 6.027517 6.00015 5.998503 5.983835 5.951216 5.899411 5.822378 5.78174 5.726987 5.683531 5.713741 5.774617 5.806346 5.841458 5.883198 5.925039 5.966901 6.010005 6.05584 6.034716 6.004636 6 6 6 6 6 5.967828 5.685783 5.529204 5.583611 5.658072 5.741582 5.825091 5.908601 5.961622 5.673855 5.698483 5.847006 5.977073 6 5.941606 5.922785 5.923898 5.979094 6 6 6 6 6 5.999516 5.97563 5.980126 6.007745 6.059204 6.117399 6.155812
6.18222 6.214617 6.209862 6.229648 6.254282 6.302308 6.359287 6.416266 6.235164 6.093955 6.072106 6.024519 6 6 6 6 5.99085 5.939549 5.905268 5.863802 5.7999 5.737348 5.717093 5.745234 5.787868 5.832592 5.878672 5.926272 5.975083 6.002435 6 6 6 6 6 6 6 5.998073 5.822875 5.554359 5.568136 5.651915 5.734776 5.818285 5.901795 5.962434 5.672052 5.618816 5.772997 5.93476 6 6 6 6 6 6 6 6.032663 6.132995 6.171219 6.027056 5.968671 5.956506 6.027824 6.07146 6.119608 6.17076
6.165393 6.182468 6.171757 6.189209 6.209603 6.232837 6.278529 6.333169 6.174497 6.116391 6.069771 6.017421 6 6 6 6 6 6 5.995374 5.981456 5.92574 5.843396 5.758029 5.738416 5.77702 5.822736 5.869828 5.918346 5.968175 5.999709 6 6 6 6 6 6 6 6 5.854373 5.605168 5.535714 5.628346 5.726357 5.819699 5.909236 5.982827 5.944581 5.802581 5.900054 5.989937 6 6 6 6 6 6 6.05191 6.239242 6.408666 6.320771 6.072521 5.986277 5.981496 6.045103 6.091321 6.136706 6.172336
6.145691 6.150132 6.135408 6.148771 6.169164 6.189558 6.211834 6.246084 6.162464 6.115024 6.061831 6.011528 6 6 6 6 6 6 6 6 5.952438 5.854796 5.804569 5.790303 5.808808 5.845188 5.888283 5.931376 5.974562 5.999575 6 6 6 6 6 6 6 5.998001 5.859605 5.699879 5.552137 5.566308 5.666521 5.771032 5.883593 5.986567 6 6.000392 6.007449 6 6 6 6 6 6 6.000001 6.09524 6.221222 6.293468 6.234994 6.052038 5.991773 6.009576 6.058906 6.097827 6.123349 6.143401
6.123231 6.117795 6.100795 6.108333 6.128726 6.14912 6.169513 6.188276 6.159852 6.107084 6.053892 6.006999 6 6 6 6 6 6 6 5.999922 5.949976 5.900975 5.860768 5.845932 5.861346 5.87925 5.914628 5.957722 5.99446 6 6 6 6 6 6 6 6 6 5.965334 5.817411 5.652317 5.543491 5.630873 5.750725 5.87367 5.983045 6.007545 6.033695 6.068969 6.024803 6 6 6 6 6 6.000802 6.019279 6.066488 6.132854 6.111466 6.003386 5.997797 6.022447 6.050775 6.071882 6.092731 6.111212
6.098947 6.085459 6.067908 6.067894 6.088288 6.108103 6.130497 6.150596 6.136071 6.097442 6.045952 6.003351 6 6 6 6 6 6 6 6 5.990621 5.957174 5.916967 5.901562 5.916975 5.932389 5.949698 5.983247 6 6 6 6 6 6 6 6 6 6 6 5.957664 5.807462 5.69559 5.696216 5.785683 5.897592 5.992085 6.040326 6.090092 6.13314 6.088693 6 6 6 6 6 6 6 6 6.009279 6.01315 6 5.999492 5.998589 6.020415 6.041265 6.062114 6.078218
6.069104 6.054154 6.035775 6.028527 6.045426 6.069675 6.094413 6.109585 6.098427 6.068931 6.03361 6.001146 6 6 6 6 6 6 6 6 6 5.997068 5.972584 5.957193 5.972606 5.985752 5.994621 5.999267 6 6 6 6 6 6 6 6 6 6 6 6 5.959021 5.895591 5.877165 5.875287 5.95587 6.003042 6.039494 6.087596 6.133382 6.113835 6 6 6 6 6 6 6 6 6 6 6 6 5.971256 5.988595 6.011466 6.031497 6.044383
6.035504 6.021982 6.007027 6.000392 6.010781 6.036615 6.053679 6.068063 6.060485 6.031105 6.006379 6 6 6 6 6 6 6 6 6 6 6 5.999576 5.99799 6 6 6 6 6 6 6 6 6 6 6 6 6 6 6 6 6 6 5.999793 5.996291 5.997163 6 6.001125 6.01647 6.052178 6.06788 6 6 6 6 6 6 6 6 6 6 6 6 5.9749 5.93094 5.985244 6.004766 6.010563
6.005091 6.000694 6 6 6.000048 6.004117 6.013134 6.026541 6.022712 6.002731 6 6 6 6 6 6 6 6 6.012423 6.116049 6.055379 6 6 6 6 6 6 6 6 6 6 6 6 6 6 6 6 6 6 6 6 6 6 6 6 6 6 6 6.001328 6.010534 6 6 6 6 6 6 6 6 6 6 6 6 5.985677 5.956836 5.985795 6 6
6 6 6 6 6 6 6 6.000523 5.946868 5.980124 6 6 6 6 6 6 6 6 6.003685 6.013215 6.001087 5.986834 6 6 6 6 6 6 6 6 6 6 6 6 6 6 6 6 6 6 6 6 6 6 6 6 6 6 6 6 6 6 6 6 6 6 6 6 6 6 6 6 5.999976 6 6 6 6
6 5.970636 5.995162 6 6 6 6 5.987769 5.718682 5.633312 5.968671 6 6 6 6 6 6 5.998922 5.958396 5.898548 5.890154 5.909847 5.982502 6 6 6 6 6 6 6 6 6 6 6 6 6 6 6 5.992824 5.901801 5.996697 6 6 6 6 6 6 6 5.990368 5.901933 5.92707 5.965467 5.988976 6 6 6 5.973735 5.989274 6 6 6 6 6 6 6 6 6
5.77489 5.578131 5.808692 5.975316 6 6 6 5.929812 5.623497 5.624575 5.957139 6 6 6 6 6 5.998159 5.950841 5.857284 5.792784 5.785684 5.833384 5.919522 5.989746 6 6 6 6 6 6 6 6 6 6 6 6 6 6.000577 5.985253 5.925708 6 6 6 6 6 6 6 5.919096 5.705327 5.510552 5.551795 5.683797 5.84343 5.981946 6 6 5.93573 5.997682 6 6 6 6 6 6 6 6 6
5.447472 5.384667 5.540782 5.729327 5.932216 5.999494 6 5.852681 5.739879 5.809576 5.991622 6 6 6 6 6 5.943892 5.847986 5.752262 5.687019 5.689139 5.7611 5.847239 5.933378 5.994743 6 6 6 6 6 6 6 6 6 6.000523 6.007691 6.02405 6.041735 6.027692 6.039531 6.024734 6.013021 6.002041 6 6 6 5.999945 5.851355 5.576724 5.453263 5.579321 5.785002 5.966369 6 6 6 6 6 6 6 6 6 6 6 6 6 6
5.307948 5.337368 5.534155 5.661274 5.774818 5.916696 5.990444 5.941615 5.929137 5.969248 6 6 6 6 6 5.995073 5.875491 5.743481 5.647239 5.581287 5.604663 5.688817 5.774956 5.861094 5.946818 5.998071 6 6 6 6 6 6.000469 6.007503 6.023701 6.048908 6.076595 6.093337 6.066635 6.058619 6.101581 6.107042 6.088995 6.047774 6.00231 6 6 5.989394 5.784888 5.626118 5.715255 5.827038 5.94311 6 5.999911 5.99499 5.999456 6 6 6 6 6 6 6 6 6 6 6
5.188148 5.274879 5.487081 5.684725 5.813422 5.923053 5.997412 6 6 6 6 6 6 6 5.984331 5.923361 5.8113 5.663115 5.542216 5.477491 5.530395 5.616534 5.703349 5.796231 5.900229 5.992235 6 6 6.000424 6.007317 6.023351 6.048477 6.076165 6.103852 6.131539 6.143953 6.112468 6.076031 6.103323 6.148422 6.183809 6.173094 6.131663 6.04851 6.001286 6 5.962823 5.805916 5.877433 5.959882 5.996408 6 6 5.998372 5.972381 5.969476 5.987937 5.998818 6 6 6 6 6 6 6 6 6
5.073434 5.212391 5.424592 5.636792 5.835106 5.963271 6 6 6 6 6 6 6 6 5.986097 5.867493 5.712842 5.579123 5.448825 5.383725 5.4622 5.567122 5.687334 5.817096 5.94882 6 6.007155 6.023038 6.048047 6.075734 6.103421 6.131109 6.158796 6.186239 6.193804 6.158166 6.114563 6.1056 6.149323 6.19442 6.239506 6.256442 6.216578 6.126018 6.011313 6 5.970587 5.982364 6 6 6 6 6 5.995055 5.962971 5.931546 5.943185 5.990138 6 6 6 6 6 6 6 6 6
4.976565 5.149902 5.362103 5.574304 5.786352 5.968394 6 6 5.989417 5.95084 6 5.977396 5.987383 6 6 5.993046 5.887507 5.693954 5.497469 5.402856 5.500828 5.63001 5.764685 5.899361 5.994126 6.001209 6.065854 6.102991 6.130678 6.158365 6.186053 6.21374 6.240822 6.242363 6.20374 6.160137 6.123333 6.150223 6.195321 6.240419 6.285517 6.326441 6.299028 6.144008 6.002184 6 6 6 6 6 6 6 6 5.993451 5.959684 5.926068 5.929502 5.983975 6 6 6 6 6 6 6 6 6
