includes/mnt-gz40.asc
ncols         321
nrows         214
xllcorner     581631.96258723
yllcorner     2322287.7286513
cellsize      40
NODATA_value  -9999
[rows 60 to 89 of 214, columns 0 to 66 of 321]
6.521283 6.514197 6.506098 6.498 6.489902 6.481803 6.473705 6.465607 6.454355 6.415415 6.36881 6.322204 6.277745 6.250579 6.229957 6.209335 6.189337 6.17931 6.174882 6.174431 6.174068 6.174269 6.226209 6.308025 6.389841 6.416547 6.363059 6.312123 6.320714 6.311787 6.29318 6.27473 6.273826 6.298511 6.32459 6.350669 6.376748 6.398939 6.417921 6.437143 6.456366 6.475589 6.494811 6.514034 6.548159 6.69883 7.097977 8.03995 9.847485 10.24368 9.898576 9.778813 9.580423 9.262968 8.880989 8.392634 8.019423 8 8 8 7.987202 7.811586 8.004095 8.270464 8.460823 8.653 8.761945
6.537601 6.530514 6.522416 6.514318 6.506219 6.498121 6.490023 6.481925 6.457583 6.411444 6.364839 6.31943 6.289828 6.269204 6.248582 6.22796 6.207939 6.197843 6.192005 6.190909 6.190546 6.193562 6.254698 6.336514 6.418331 6.492587 6.472242 6.426826 6.430862 6.412776 6.39417 6.375563 6.357615 6.362664 6.388315 6.414394 6.440474 6.463937 6.482984 6.502206 6.521429 6.540652 6.559875 6.579097 6.59832 6.665893 7.213172 8.418238 9.923271 9.577193 8.638156 8.388653 8.358353 8.598512 9.2466 9.87065 9.818642 9.198812 8.483219 8.040278 7.993001 7.779585 7.499446 7.750565 8.207859 8.400775 8.578947
6.553918 6.546832 6.538734 6.530635 6.522537 6.514438 6.506341 6.49429 6.454079 6.407473 6.361429 6.329287 6.308451 6.287829 6.267207 6.246584 6.226541 6.216375 6.209824 6.207386 6.207024 6.214289 6.283188 6.365005 6.44682 6.528637 6.574142 6.542494 6.532373 6.513767 6.49516 6.476553 6.457946 6.441313 6.452041 6.47812 6.504199 6.528699 6.548047 6.567269 6.586492 6.605715 6.624938 6.64416 6.722831 6.951041 7.25464 8.475767 10 9.293628 8.072271 8 8 8 8 8.519309 9.456078 9.816817 9.98351 9.631458 8.742701 7.897909 7.590825 7.362595 7.778846 8.150983 8.359258
6.570235 6.56315 6.555051 6.546953 6.538854 6.530756 6.522571 6.49645 6.450108 6.40373 6.368835 6.347699 6.327076 6.306454 6.285832 6.26521 6.245142 6.234908 6.228241 6.223927 6.223502 6.236832 6.311678 6.393494 6.47531 6.557127 6.636425 6.651165 6.633363 6.614757 6.59615 6.577543 6.558936 6.540329 6.525891 6.541846 6.567925 6.593221 6.61311 6.632332 6.651555 6.670778 6.690209 6.781211 7.017258 7.270967 7.524677 8.196429 10 9.545144 8.16485 8 8 8 8 8.045698 8.5172 9.120812 9.645681 9.868423 9.998537 9.422771 8.047634 7.691946 7.938647 8.006884 8.118662
6.586554 6.579467 6.571369 6.56327 6.555172 6.547074 6.533999 6.492742 6.446153 6.408718 6.386946 6.366324 6.345701 6.325079 6.304457 6.283834 6.263744 6.25344 6.246774 6.240999 6.239979 6.261372 6.340168 6.421984 6.5038 6.585579 6.667843 6.683778 6.68427 6.707546 6.697139 6.678533 6.659926 6.641319 6.622712 6.611506 6.631651 6.657428 6.678173 6.697395 6.716618 6.737323 6.842519 7.083474 7.337184 7.58949 7.808122 8.068951 9.937001 9.813865 8.501835 8 8 8 8 8 8.115556 8.670998 9.12631 9.191285 9.636246 9.975965 9.746062 8.279716 8 8 8.002567
6.602868 6.595785 6.587686 6.579588 6.57149 6.563175 6.535243 6.488771 6.448867 6.426193 6.405571 6.384948 6.364326 6.343704 6.323081 6.302459 6.282346 6.271973 6.265306 6.258778 6.256457 6.287225 6.368657 6.450473 6.532124 6.615164 6.700103 6.690313 6.586997 6.615445 6.692212 6.742733 6.756804 6.742309 6.723702 6.705095 6.698477 6.721456 6.743236 6.762459 6.784437 6.904916 7.149691 7.396075 7.592213 7.73013 7.840504 7.950877 9.776364 9.81151 8.53395 8 8 8 8.000956 8.004011 8.000089 8.238298 8.555737 8.484982 8.671309 9.331932 9.933006 9.828906 8.429651 8 8
6.621344 6.612102 6.604004 6.595906 6.587807 6.573697 6.531405 6.489385 6.46544 6.444818 6.424196 6.403574 6.382951 6.362329 6.341707 6.321084 6.300948 6.290505 6.283839 6.277172 6.27298 6.315331 6.397051 6.478721 6.562863 6.647923 6.732983 6.709714 6.588206 6.488945 6.524153 6.603873 6.683592 6.75688 6.798536 6.804697 6.787625 6.786605 6.808318 6.831964 6.967181 7.194424 7.36904 7.490154 7.600867 7.7121 7.823873 7.936178 9.619008 9.844679 8.491751 8 8 8 8.008403 8.07063 8.033027 8.019707 8.05105 8.018887 8 8.26795 9.019143 9.752555 9.901248 8.654701 8
6.645916 6.62842 6.620322 6.612223 6.603751 6.574036 6.530433 6.504688 6.484066 6.463443 6.442821 6.422198 6.401576 6.380954 6.360332 6.339709 6.31955 6.309038 6.302371 6.295704 6.29094 6.343357 6.425803 6.510684 6.594861 6.677738 6.759717 6.72717 6.607607 6.486099 6.390894 6.432861 6.512581 6.592301 6.67202 6.75174 6.819345 6.853173 6.879488 6.988435 7.138416 7.252754 7.365054 7.477896 7.590901 7.703907 7.816914 7.929921 9.521613 9.743597 8.454692 8 8 8 8.007995 8.119409 8.105639 8.003885 8 8 8.00273 8.093287 8.228762 8.89905 9.870488 9.977643 8.889994
6.674393 6.645339 6.636639 6.628541 6.613242 6.571815 6.543935 6.523313 6.50269 6.482068 6.461445 6.440823 6.420201 6.399579 6.378956 6.358334 6.338151 6.32757 6.320904 6.314237 6.302449 6.336949 6.413365 6.489407 6.565449 6.641491 6.700734 6.658614 6.590799 6.499131 6.383992 6.293131 6.341569 6.421289 6.501009 6.580729 6.666426 6.783718 6.925062 7.035724 7.14406 7.253012 7.362956 7.473725 7.585254 7.697818 7.810825 7.923833 9.465969 9.701228 8.513611 8 8 8 8 8.038652 8.015784 8 8 8 8 8.032722 8.126493 8.501851 9.492109 9.954124 10.28875
6.703313 6.665571 6.652956 6.644226 6.613691 6.583253 6.56256 6.541937 6.521315 6.500693 6.480071 6.459448 6.438826 6.418204 6.397582 6.376959 6.356753 6.346103 6.339436 6.327015 6.292563 6.280724 6.350352 6.426394 6.502436 6.578478 6.594805 6.534853 6.473862 6.412871 6.349717 6.267461 6.196908 6.250278 6.343669 6.472156 6.63184 6.796749 6.956988 7.073013 7.179933 7.286852 7.393771 7.50069 7.60761 7.71453 7.821597 7.927291 9.366861 9.659096 8.405751 8 8 8 7.995292 7.947135 7.936644 7.987855 8 8 7.999933 8 8.011542 8.123121 8.635887 9.322289 10.18362
6.732234 6.689657 6.669274 6.653069 6.622712 6.601807 6.581185 6.560563 6.53994 6.519318 6.498696 6.478073 6.457451 6.436829 6.416206 6.395584 6.375355 6.364635 6.352635 6.318445 6.279448 6.244489 6.287339 6.363381 6.439423 6.505183 6.472085 6.411093 6.350102 6.289111 6.228119 6.167263 6.119157 6.16099 6.327377 6.492493 6.657402 6.82231 6.986422 7.110583 7.217503 7.324422 7.431341 7.53826 7.644753 7.74666 7.84188 7.932977 9.289983 9.666419 8.447309 8 8 7.990155 7.93208 7.855138 7.798162 7.860157 7.94181 7.974937 7.977579 7.970748 7.958921 7.951985 7.998088 8.532127 9.51253
6.761155 6.717425 6.684967 6.6624 6.641055 6.620432 6.59981 6.579187 6.558565 6.537942 6.51732 6.496698 6.476076 6.455453 6.434831 6.414209 6.393957 6.378192 6.344326 6.305329 6.266333 6.227336 6.226871 6.300368 6.37641 6.406294 6.348324 6.287333 6.226342 6.165596 6.118575 6.100791 6.1 6.155383 6.331974 6.51023 6.681905 6.847872 7.012781 7.148739 7.255073 7.361992 7.467205 7.566206 7.658997 7.749837 7.840694 7.93157 9.251578 9.714953 8.627322 8.00173 7.98276 7.916639 7.839696 7.762753 7.686894 7.698553 7.777944 7.810897 7.830385 7.849873 7.868228 7.883699 7.913262 8.029544 8.656639
6.783911 6.733896 6.685654 6.662542 6.641105 6.619667 6.598229 6.576792 6.555354 6.533916 6.512479 6.491041 6.469604 6.448166 6.426728 6.405497 6.397471 6.374151 6.331486 6.292214 6.253217 6.214221 6.184149 6.237355 6.308131 6.285555 6.224564 6.16393 6.117686 6.100679 6.1 6.1 6.1 6.146385 6.319977 6.500697 6.681417 6.861294 7.035433 7.185026 7.288267 7.384364 7.475713 7.566571 7.657425 7.748339 7.839252 7.930165 9.842637 10.23148 8.85784 8.040836 7.909007 7.826203 7.747311 7.670368 7.593426 7.549041 7.601989 7.624441 7.652018 7.700983 7.771058 7.858112 7.91103 7.943241 8.16235
6.733563 6.676374 6.626324 6.599445 6.577735 6.556026 6.534317 6.512607 6.490898 6.469188 6.447479 6.425769 6.40406 6.38235 6.363423 6.368457 6.393066 6.388647 6.337467 6.287233 6.241775 6.201105 6.162127 6.175005 6.21602 6.162263 6.116797 6.100568 6.1 6.1 6.1 6.1 6.1 6.137388 6.307981 6.4887 6.66942 6.85014 7.030409 7.195008 7.29584 7.382004 7.471847 7.563439 7.654769 7.746119 7.837353 7.928482 10.00082 11.11575 9.232277 8.297371 7.926118 7.826479 7.72684 7.628298 7.533922 7.445971 7.469427 7.546002 7.6356 7.725595 7.81559 7.894024 7.922473 7.94418 7.986387
6.663597 6.608728 6.563822 6.531512 6.50973 6.48802 6.466311 6.444601 6.422891 6.401182 6.379472 6.357763 6.336053 6.32489 6.341967 6.368011 6.393549 6.403362 6.356932 6.305156 6.25338 6.201828 6.15358 6.124365 6.115909 6.100457 6.1 6.1 6.1 6.1 6.1 6.1 6.1 6.130222 6.295984 6.476704 6.657424 6.838144 7.01105 7.181032 7.314073 7.395736 7.476482 7.559088 7.645459 7.735459 7.827945 7.919905 9.481585 11.88641 9.838905 8.746184 8.003033 7.87338 7.771969 7.66316 7.536218 7.456743 7.508958 7.592567 7.682562 7.772556 7.861722 7.912135 7.933825 7.955532 7.977239
6.593631 6.543918 6.502206 6.464841 6.441723 6.420014 6.398304 6.376595 6.354886 6.333176 6.311466 6.291415 6.292747 6.31665 6.342695 6.368728 6.393965 6.413343 6.376398 6.324622 6.272845 6.221069 6.169293 6.121195 6.103247 6.1 6.1 6.1 6.1 6.1 6.1 6.1 6.1 6.124224 6.283988 6.464708 6.645428 6.820642 6.990275 7.160942 7.322196 7.416922 7.497668 7.578415 7.659162 7.739908 7.821805 7.907901 8.795121 11.74936 11.13861 9.445797 8.256986 7.900921 7.771316 7.629671 7.504114 7.521132 7.577725 7.642166 7.729523 7.819518 7.896087 7.923469 7.945176 7.964293 7.974096
6.523961 6.481875 6.440589 6.400216 6.373717 6.352007 6.330298 6.308589 6.286879 6.26517 6.251209 6.265316 6.291334 6.317378 6.343422 6.369361 6.394384 6.418589 6.395863 6.344087 6.292311 6.240534 6.188758 6.144308 6.121567 6.107911 6.100651 6.1 6.1 6.1 6.1 6.1 6.1 6.118226 6.271992 6.452711 6.630161 6.799517 6.970184 7.140851 7.311342 7.437788 7.518855 7.599601 7.680347 7.761094 7.841841 7.922587 8.059845 10.67289 11.91103 10.37582 8.382315 7.865166 7.721444 7.579893 7.538065 7.59342 7.650013 7.706724 7.777211 7.865281 7.913114 7.932813 7.943523 7.946631 7.948907
6.457285 6.420259 6.378973 6.337687 6.305717 6.284001 6.262291 6.240582 6.219727 6.217346 6.239974 6.266018 6.292062 6.318106 6.34415 6.369916 6.394804 6.419643 6.414786 6.363552 6.311776 6.26 6.208224 6.169286 6.144214 6.128285 6.114161 6.102966 6.1 6.1 6.1 6.1 6.1 6.112392 6.259995 6.438934 6.60876 6.779427 6.950094 7.120761 7.291428 7.448924 7.54004 7.620787 7.701534 7.78228 7.863027 7.939923 7.977891 8.926144 11.45839 10.77441 8.481342 7.832046 7.670233 7.568733 7.609115 7.665708 7.7223 7.778893 7.83644 7.896678 7.912802 7.916276 7.918552 7.920829 7.923105
6.394767 6.358642 6.317356 6.276071 6.238937 6.215995 6.194285 6.177967 6.188984 6.214657 6.240701 6.266746 6.292789 6.318834 6.344878 6.370393 6.395223 6.420062 6.429609 6.383018 6.331242 6.279465 6.228479 6.195011 6.168736 6.149124 6.135067 6.120942 6.107454 6.100545 6.1 6.1 6.1 6.108762 6.247015 6.418247 6.588669 6.759336 6.930003 7.10067 7.271337 7.441334 7.561304 7.641973 7.72272 7.803466 7.884083 7.940094 7.966051 8.029658 9.53532 9.524954 8.103204 7.794477 7.628501 7.622535 7.673255 7.719907 7.763605 7.803258 7.839255 7.881317 7.9 7.90009 7.900607 7.901175 7.901897
6.33315 6.297025 6.25574 6.214454 6.174214 6.14842 6.142345 6.163297 6.189341 6.215385 6.241429 6.267473 6.293517 6.319561 6.345592 6.370803 6.395642 6.420481 6.439697 6.402483 6.350707 6.298931 6.25027 6.220736 6.194461 6.170762 6.155973 6.141849 6.127724 6.113599 6.102685 6.1 6.1 6.105419 6.227894 6.397912 6.568579 6.739245 6.909913 7.08058 7.251246 7.421913 7.575103 7.663159 7.743906 7.824652 7.896844 7.928843 7.952438 7.973821 8.036612 8.071341 7.832958 7.67732 7.58982 7.597555 7.631235 7.664914 7.698593 7.732272 7.765969 7.819453 7.881284 7.9 7.9 7.9 7.9
6.271534 6.235409 6.194123 6.152838 6.115681 6.113101 6.13798 6.164024 6.190069 6.216113 6.242157 6.268201 6.294245 6.320289 6.346219 6.371222 6.396061 6.420901 6.445051 6.421948 6.370172 6.318396 6.273596 6.24646 6.220186 6.194268 6.176879 6.162755 6.14863 6.134369 6.119297 6.104289 6.1 6.113583 6.229849 6.386204 6.549726 6.719155 6.889822 7.060489 7.231156 7.401823 7.570874 7.684345 7.765092 7.844771 7.891636 7.915237 7.93256 7.931165 7.925318 7.837589 7.68486 7.613385 7.556617 7.524251 7.55793 7.591609 7.625288 7.658968 7.693768 7.751934 7.81941 7.881257 7.9 7.9 7.9
6.209917 6.173792 6.132887 6.10481 6.10466 6.118667 6.138858 6.164752 6.190796 6.21684 6.242885 6.268929 6.294973 6.321017 6.346767 6.371642 6.396481 6.421319 6.446159 6.440925 6.389637 6.337861 6.298459 6.272184 6.245911 6.219632 6.196521 6.177411 6.159721 6.141329 6.122916 6.105104 6.1 6.151836 6.275212 6.42031 6.570789 6.721979 6.878505 7.041766 7.211065 7.381732 7.552399 7.700982 7.786278 7.851713 7.877161 7.884959 7.875547 7.864371 7.834938 7.694586 7.599284 7.643769 7.520864 7.450947 7.484626 7.518305 7.551984 7.585664 7.622365 7.684415 7.751891 7.819367 7.88123 7.9 7.9
6.148301 6.115924 6.100592 6.102174 6.114686 6.129197 6.14408 6.165526 6.191524 6.217568 6.243612 6.269656 6.295701 6.321744 6.347236 6.372061 6.3969 6.421739 6.446579 6.455856 6.409103 6.358 6.324183 6.297909 6.271635 6.253782 6.230748 6.185669 6.158227 6.139623 6.121211 6.103834 6.109109 6.206139 6.3282 6.46179 6.611886 6.762364 6.912843 7.063322 7.214447 7.370769 7.533793 7.699999 7.803926 7.834836 7.831503 7.819549 7.807473 7.797629 7.704601 7.589339 7.630566 7.660179 7.491376 7.37954 7.411322 7.445001 7.47868 7.51236 7.55203 7.616896 7.684372 7.751848 7.819324 7.881204 7.9
6.102775 6.1 6.100712 6.110826 6.125337 6.139847 6.154358 6.169561 6.192252 6.218296 6.24434 6.270384 6.296428 6.322453 6.347641 6.37248 6.397319 6.422158 6.446997 6.466052 6.428568 6.37967 6.349908 6.323634 6.305101 6.306464 6.273672 6.224752 6.176425 6.140074 6.119505 6.102848 6.142004 6.261555 6.383624 6.50805 6.652983 6.803462 6.95394 7.104419 7.254898 7.405377 7.555855 7.705418 7.784339 7.775626 7.76355 7.751474 7.739594 7.703809 7.584956 7.608238 7.679161 7.653973 7.461887 7.3168 7.338017 7.371697 7.405376 7.439055 7.482778 7.549377 7.616853 7.684329 7.751805 7.819281 7.881177
6.1 6.100118 6.10712 6.121476 6.135987 6.150497 6.165009 6.179519 6.195302 6.219024 6.245068 6.271112 6.297156 6.323067 6.34806 6.3729 6.397738 6.422577 6.447417 6.471513 6.448033 6.402878 6.375633 6.35642 6.358891 6.358412 6.316576 6.267655 6.218735 6.169815 6.125739 6.107385 6.194902 6.316971 6.43904 6.561109 6.694496 6.844559 6.995038 7.145516 7.295995 7.446474 7.596013 7.689947 7.706975 7.707412 7.695476 7.6834 7.670574 7.583933 7.585909 7.656832 7.724764 7.627811 7.432398 7.262647 7.264713 7.298393 7.332072 7.365751 7.414382 7.481858 7.549334 7.61681 7.684286 7.751762 7.819238
6.1 6.103965 6.117616 6.132127 6.146637 6.161148 6.175659 6.190169 6.20468 6.221217 6.245795 6.27184 6.297884 6.323607 6.34848 6.373319 6.398158 6.422997 6.447836 6.472675 6.467064 6.427632 6.407739 6.409802 6.416025 6.406692 6.359479 6.310558 6.261638 6.212748 6.171523 6.16859 6.25487 6.372387 6.494456 6.616525 6.740868 6.885656 7.036134 7.186613 7.337092 7.487175 7.587638 7.606572 7.619163 7.63083 7.627413 7.615325 7.578911 7.564885 7.634504 7.705426 7.750914 7.598322 7.40291 7.216533 7.191409 7.225089 7.258768 7.29258 7.346863 7.414339 7.481815 7.549291 7.616767 7.684243 7.751719
6.102191 6.113756 6.128266 6.142777 6.157288 6.171799 6.186309 6.20082 6.21533 6.229841 6.247371 6.272567 6.298611 6.324068 6.348899 6.373738 6.398577 6.423416 6.448255 6.473094 6.482667 6.459057 6.460713 6.466936 6.473155 6.451303 6.402382 6.353462 6.310538 6.285151 6.271088 6.302084 6.372244 6.447911 6.550782 6.671941 6.794011 6.927197 7.077231 7.22771 7.378189 7.485131 7.505895 7.518486 7.531077 7.543668 7.554076 7.546064 7.544909 7.612175 7.683098 7.754021 7.754334 7.568833 7.373421 7.178556 7.118105 7.151784 7.185463 7.220487 7.279344 7.34682 7.414296 7.481772 7.549248 7.616724 7.6842
6.11171 6.124406 6.138917 6.153428 6.167938 6.182449 6.196959 6.21147 6.225981 6.240491 6.25502 6.273759 6.299311 6.324479 6.349318 6.374157 6.398996 6.423835 6.44981 6.482839 6.507702 6.510651 6.517847 6.52407 6.528326 6.494206 6.449799 6.422438 6.407729 6.39413 6.387221 6.441794 6.511953 6.582113 6.652529 6.736633 6.849426 6.973683 7.118329 7.268807 7.38176 7.405219 7.41781 7.430401 7.443067 7.461697 7.489726 7.526595 7.589847 7.660769 7.731692 7.802515 7.734757 7.539345 7.343933 7.14852 7.045475 7.07848 7.112159 7.149318 7.211825 7.279301 7.346777 7.414253 7.48173 7.549205 7.616681
6.139801 6.149923 6.161484 6.17321 6.185674 6.198218 6.210861 6.22425 6.237778 6.251357 6.265653 6.280277 6.300088 6.325319 6.357087 6.396356 6.442683 6.496426 6.556461 6.593946 6.575562 6.564387 6.571407 6.579106 6.581841 6.559759 6.544519 6.53092 6.517321 6.503722 6.51395 6.581504 6.651663 6.721823 6.791983 6.862143 6.934602 7.029853 7.159899 7.277819 7.304747 7.324094 7.352849 7.391012 7.438503 7.489423 7.540344 7.589625 7.638624 7.709364 7.780286 7.83779 7.705268 7.509856 7.314444 7.119031 6.981005 7.005176 7.038855 7.079084 7.144306 7.211782 7.279258 7.346734 7.41421 7.481687 7.549162
6.194354 6.208559 6.219137 6.229714 6.240292 6.25087 6.261447 6.272026 6.282604 6.293181 6.303759 6.308598 6.357559 6.426415 6.486812 6.54721 6.607607 6.667467 6.696819 6.673931 6.645376 6.623066 6.626691 6.633451 6.638687 6.641713 6.641731 6.636782 6.62688 6.614149 6.651053 6.721213 6.791373 6.861533 6.930305 6.998623 7.066462 7.132921 7.198631 7.25466 7.303019 7.353939 7.404859 7.45578 7.5067 7.557621 7.608541 7.660352 7.695652 7.757958 7.828881 7.850351 7.67578 7.480368 7.284955 7.089543 6.924798 6.931871 6.965551 7.009946 7.076787 7.144263 7.21174 7.279215 7.346691 7.414167 7.481644
