includes/mnt-gz50.asc
ncols         257
nrows         171
xllcorner     581631.96258723
yllcorner     2322297.7286513
cellsize      50
NODATA_value  -9999
[rows 29 to 57 of 171, columns 0 to 66 of 257]
5.764407 5.621706 5.520964 5.548718 5.576516 5.606071 5.671289 5.681998 5.660079 5.635586 5.632683 5.693467 5.751822 5.7704 5.777955 5.783329 5.794205 5.782804 5.73727 5.714503 5.691736 5.66931 5.706409 5.737304 5.7682 5.799097 5.860508 5.876669 5.825296 5.683596 5.387913 5.33949 5.389761 5.440031 5.606099 5.725117 5.869792 5.999938 6.236048 6.061738 6.040261 6.104941 6.487973 6.704614 6.921254 7.169167 6.750342 6.203003 6 6 6 6 6 6 6 6 6 6 6 6 6 6 6 6 6 6 6
5.912576 5.820066 5.655978 5.67471 5.704326 5.738279 5.813206 5.768179 5.684245 5.644558 5.614743 5.670911 5.701175 5.704979 5.729109 5.74653 5.763951 5.781372 5.780744 5.757977 5.735399 5.739563 5.80118 5.82773 5.829151 5.802814 5.731824 5.681282 5.580829 5.476574 5.241866 5.113729 5.132116 5.207337 5.520185 5.707552 5.894919 6 6.056724 6.304774 6.567812 6.831519 7.354395 7.605586 7.856443 7.997648 7.674891 7.440476 7.033332 6.707257 6.016671 6 6 6 6 6 6 6 6 6 6 6 6 6 6 6 6
5.988223 5.916529 5.732644 5.744667 5.786237 5.824169 5.898047 5.848313 5.7555 5.668809 5.610263 5.654801 5.668633 5.678247 5.712476 5.729897 5.747318 5.76474 5.794531 5.779714 5.763484 5.786774 5.802887 5.771869 5.736374 5.70088 5.629661 5.556295 5.452041 5.347786 5.138868 5.021336 5.016905 5.162679 5.535391 5.722758 5.910126 6 6.121867 6.371005 6.627202 6.889317 7.416339 7.67985 7.932794 8 8 8 7.720786 7.176681 6.088899 6 6 6 6 6 6 6 6 6 6 6 6 6 6 6 6
6 5.98314 5.804819 5.777877 5.848154 5.906209 5.982727 5.928448 5.835634 5.74282 5.608823 5.631127 5.643771 5.661001 5.695843 5.713264 5.730686 5.748106 5.782948 5.794534 5.788409 5.774563 5.70543 5.669935 5.634441 5.598946 5.521189 5.427507 5.323253 5.218997 5.027543 4.954213 4.990948 5.19391 5.555254 5.738601 5.925251 6.00457 6.1706 6.440029 6.70491 6.964261 7.481217 7.744025 7.970829 8 8 7.994249 7.561479 6.955417 6.333401 6 6 6 6 6 6 6 6 6 6 6 6 6 6 6 6
6 6 5.882622 5.809855 5.862833 5.936627 6.062349 6.006101 5.912352 5.817772 5.633204 5.604641 5.617649 5.633255 5.664465 5.680063 5.695267 5.710267 5.740266 5.756761 5.769873 5.731884 5.6306 5.584546 5.540494 5.499856 5.403843 5.312885 5.231689 5.161431 5.041021 5.038307 5.029038 5.149873 5.652885 5.824718 5.980639 6.055979 6.183928 6.43596 6.708704 6.981447 7.526608 7.796032 7.991913 8 8 8 7.638936 6.762526 7.154076 6.042877 6 6 6 6 6 6 6 6 6 6 6 6 6 6 6
6 6 5.99772 5.942766 5.894643 5.96224 6.080637 6.07338 5.981336 5.885153 5.716733 5.673067 5.614194 5.55748 5.540529 5.555529 5.570529 5.585529 5.616858 5.641268 5.66727 5.693271 5.68749 5.633117 5.578331 5.523544 5.413226 5.351044 5.288861 5.228025 5.241661 5.271502 5.285809 5.193968 5.448765 5.850622 6.070211 6.149905 6.282953 6.425141 6.69688 6.973859 7.525727 7.791032 8.022126 8.098336 8.017885 8 8 8 7.695507 6.757137 6.054284 6 6 6 6 6 6 6 6 6 6 6 6 6 6
6 6 6 5.99417 5.93728 5.975047 6.072249 6.08744 6.011372 5.915848 5.76512 5.726936 5.668064 5.609192 5.501542 5.49383 5.50816 5.52316 5.558348 5.584302 5.610303 5.636305 5.685063 5.665002 5.611194 5.556407 5.446018 5.383836 5.322473 5.300922 5.358332 5.388174 5.412123 5.332486 5.269251 5.823417 6.081593 6.163301 6.325563 6.438425 6.682879 6.945064 7.470365 7.733012 7.97909 8.138831 8.021101 8 8 8 7.983059 7.682942 6.574361 6 6 6 6 6 6 6 6 6 6 6 6 6 6
6 6 6 6 5.987815 5.988207 6.063861 6.089529 6.041514 5.949238 5.81725 5.780806 5.721934 5.663062 5.545317 5.487422 5.454127 5.460792 5.501335 5.527336 5.553337 5.579339 5.631341 5.655781 5.642093 5.589271 5.47881 5.416938 5.389279 5.415319 5.475003 5.504845 5.53414 5.471004 5.2675 5.907916 6.093451 6.175886 6.434156 6.581158 6.739331 6.960251 7.445158 7.698257 7.943573 8.040682 8.011333 8 8 8 8 7.834072 6.664354 6 6 6 6 6 6 6 6 6 6 6 6 6 6
6 6 6 6 6 6.001777 6.054481 6.081391 6.070323 5.983499 5.869689 5.834675 5.775803 5.716931 5.599186 5.540315 5.481442 5.429765 5.446324 5.47037 5.496371 5.522372 5.574375 5.600377 5.625538 5.618474 5.511602 5.477707 5.502149 5.531991 5.591674 5.621516 5.653539 5.609523 5.528179 6.008892 6.127563 6.283435 6.683403 6.776234 6.896537 7.082264 7.515545 7.745731 7.961696 8 8 8 8 8 8 7.766869 6.607529 6.001998 6 6 6 6 6 6 6 6 6 6 6 6 6
6 6 6 6 6 6.003408 6.028585 6.021272 6.016563 6.015892 5.974581 5.942264 5.88481 5.831814 5.738839 5.692305 5.630414 5.556385 5.568229 5.575925 5.583621 5.591317 5.606709 5.614405 5.622101 5.629188 5.605968 5.683139 5.723969 5.760211 5.825016 5.854858 5.885417 5.897573 6.075943 6.34605 6.585263 6.788037 7.143223 7.172958 7.2596 7.406944 7.77353 7.959527 8 8 8 8 8 8 8 7.915475 7.179971 6.250624 6 6 6 6 6 6 6 6 6 6 6 6 6
6 6 6.000177 6.005047 6.018643 6.037717 6.076497 6.089138 6.077299 6.073856 6.037516 6.008382 5.969308 5.925618 5.833118 5.769329 5.695411 5.620745 5.652198 5.660491 5.668187 5.675883 5.691275 5.698971 5.703126 5.693807 5.591936 5.547369 5.73272 5.813613 5.9009 5.943735 5.99316 6.127325 6.385661 6.556108 6.832827 7.042405 7.348338 7.373254 7.445582 7.588527 7.911354 8.000533 8.015389 8.044773 8.111869 8.04887 8.01294 8.00245 8 7.866629 7.161251 6.406183 6 6 6 6 6 6 6 6 6 6 6 6 6
6 6.00054 6.022308 6.041634 6.061024 6.080414 6.119194 6.138584 6.149637 6.142432 6.109722 6.079703 6.048247 6.015443 5.908239 5.834437 5.759771 5.685104 5.720263 5.745057 5.752753 5.760449 5.775589 5.7734 5.759589 5.746641 5.672234 5.479517 5.456319 5.711882 5.938706 5.986993 6.132562 6.352728 6.73124 6.858593 7.062946 7.296774 7.542037 7.57355 7.635268 7.770111 8.072929 8.16823 8.233435 8.29864 8.345079 8.262065 8.084377 8.040305 8.00998 7.975619 7.480867 6.630519 6 6 6 6 6 6 6 6 6 6 6 6 6
6.010961 6.02616 6.06494 6.084331 6.103721 6.123111 6.161891 6.181282 6.200672 6.211285 6.180552 6.148983 6.113448 6.069082 5.967311 5.896417 5.823647 5.749465 5.7639 5.830905 5.837319 5.845015 5.840208 5.825413 5.812534 5.799655 5.749058 5.558952 5.367613 5.362672 5.90109 6.102993 6.322536 6.543176 6.994595 7.194098 7.34766 7.547849 7.736978 7.773845 7.828172 7.952874 8.28257 8.434927 8.513552 8.578757 8.574905 8.402227 8.160999 8.090285 8.056354 8.037548 7.885541 7.134462 6 6 6 6 6 6 6 6 6 6 6 6 6
6.102295 6.121484 6.165343 6.187273 6.209203 6.231133 6.274992 6.296569 6.31148 6.31624 6.256132 6.202806 6.146685 6.090564 6.02216 6.007788 6.005394 5.988987 6.004504 5.997712 5.987185 5.970366 5.944319 5.931439 5.918561 5.905682 5.89834 5.719923 5.541969 5.426795 6.221426 6.430189 6.638951 6.847713 7.28148 7.528206 7.787668 7.990798 8.155352 8.013395 8 8.012094 8.560278 8.826998 9.027555 9.137675 8.842287 8.590321 8.338353 8.189724 8.148834 8.113437 8.076818 8.03897 6.56104 6 6 6 6 6 6 6 6 6 6 6 6
6.205674 6.224863 6.268723 6.290652 6.312582 6.334348 6.355922 6.351505 6.343406 6.334029 6.25282 6.206026 6.154644 6.098734 6.045598 6.042812 6.041977 6.041249 6.044339 6.028241 6.006025 5.959145 5.976503 5.980113 5.971574 5.959685 5.975307 5.914524 5.883031 5.906618 6.372551 6.578856 6.785128 6.991399 7.403941 7.610212 7.819666 8.062284 8.375411 8.090865 8 8 8.385799 8.71386 9.04118 9.289468 8.935351 8.684065 8.432097 8.247192 8.184842 8.147194 8.108892 8.070169 7.532448 6.238304 6 6 6 6 6 6 6 6 6 6 6
6.309053 6.328242 6.372101 6.388947 6.395603 6.392123 6.37592 6.367822 6.359724 6.340492 6.248848 6.202243 6.155583 6.107255 6.082934 6.082064 6.081193 6.080417 6.068301 6.043248 6.015719 5.957679 5.861097 5.906547 5.958362 5.994692 6.00132 6.01151 6.032142 6.054833 6.272199 6.508405 6.737469 6.958036 7.373888 7.577668 7.781448 8.036926 8.538958 8.230299 8.011589 8 8.203756 8.531816 8.846993 8.999157 8.789941 8.641907 8.464739 8.301744 8.220279 8.180077 8.139393 8.098446 7.925484 6.856494 6.015717 6 6 6 6 6 6 6 6 6 6
6.47233 6.465244 6.449048 6.440949 6.43285 6.424752 6.408556 6.400457 6.379673 6.334117 6.240906 6.194301 6.155127 6.133532 6.125361 6.124998 6.124635 6.124272 6.192833 6.147257 6.091383 6.037339 5.963645 6.003743 6.029382 6.055175 6.107333 6.133412 6.159492 6.18446 6.222732 6.241954 6.298907 6.489589 6.981185 7.226983 7.47278 7.719589 8.15927 8.158032 8.10877 8.003364 8.001935 8.086825 8.159962 8.239852 8.136692 8.116752 8.140724 8.22489 8.513084 8.502914 8.463345 8.423775 8.177851 7.584471 6.422289 6 6 6 6 6 6 6 6 6 6
6.488647 6.481562 6.465365 6.457266 6.449168 6.44107 6.424873 6.414397 6.376752 6.330146 6.236935 6.195611 6.172085 6.152133 6.141839 6.141476 6.141113 6.140749 6.249711 6.256098 6.200566 6.144642 6.074987 6.10787 6.098689 6.1189 6.171059 6.197138 6.223217 6.248878 6.287795 6.307017 6.32624 6.353993 6.721861 6.967659 7.213456 7.464842 8.346603 8.48923 8.045033 8 8 8 8 8.002661 8.017792 8.038128 8.0658 8.18213 8.511065 8.645521 8.645285 8.605715 8.206599 7.622043 6.529512 6 6 6 6 6 6 6 6 6 6
6.504965 6.49788 6.481682 6.473584 6.465486 6.457387 6.441191 6.418661 6.372781 6.326175 6.236397 6.211332 6.19071 6.170735 6.158316 6.157953 6.15759 6.157228 6.279535 6.344645 6.30975 6.253876 6.200707 6.210797 6.19219 6.185678 6.234785 6.260863 6.286942 6.312995 6.352858 6.37208 6.391303 6.410525 6.501938 6.708334 6.954132 7.228008 9.129456 9.991376 8.62797 8.141011 8 8 8 8 8 8 8.000007 8.1079 8.462904 8.632764 8.775361 8.769127 8.212244 7.629888 6.458848 6 6 6 6 6 6 6 6 6 6
6.521283 6.514197 6.498 6.489902 6.481803 6.473705 6.454355 6.415415 6.36881 6.322204 6.250579 6.229957 6.209335 6.189337 6.174882 6.174431 6.174068 6.174269 6.308025 6.389841 6.416547 6.363059 6.320714 6.311787 6.29318 6.27473 6.298511 6.32459 6.350669 6.376748 6.417921 6.437143 6.456366 6.475589 6.514034 6.548159 6.69883 7.097977 9.847485 10.24368 9.898576 9.778813 9.262968 8.880989 8.392634 8.019423 8 8 7.987202 7.811586 8.270464 8.460823 8.653 8.761945 8.18362 7.638572 6.417637 6 6 6 6 6 6 6 6 6 6
6.553918 6.546832 6.530635 6.522537 6.514438 6.506341 6.454079 6.407473 6.361429 6.329287 6.287829 6.267207 6.246584 6.226541 6.209824 6.207386 6.207024 6.214289 6.365005 6.44682 6.528637 6.574142 6.532373 6.513767 6.49516 6.476553 6.441313 6.452041 6.47812 6.504199 6.548047 6.567269 6.586492 6.605715 6.64416 6.722831 6.951041 7.25464 10 9.293628 8.072271 8 8 8 8.519309 9.456078 9.98351 9.631458 8.742701 7.897909 7.362595 7.778846 8.150983 8.359258 8.028947 7.931213 6.885499 6.006382 6 6 6 6 6 6 6 6 6
6.570235 6.56315 6.546953 6.538854 6.530756 6.522571 6.450108 6.40373 6.368835 6.347699 6.306454 6.285832 6.26521 6.245142 6.228241 6.223927 6.223502 6.236832 6.393494 6.47531 6.557127 6.636425 6.633363 6.614757 6.59615 6.577543 6.540329 6.525891 6.541846 6.567925 6.61311 6.632332 6.651555 6.670778 6.781211 7.017258 7.270967 7.524677 10 9.545144 8.16485 8 8 8 8.045698 8.5172 9.645681 9.868423 9.998537 9.422771 7.691946 7.938647 8.006884 8.118662 8.001951 7.99352 7.142968 6.059831 6 6 6 6 6 6 6 6 6
6.586554 6.579467 6.56327 6.555172 6.547074 6.533999 6.446153 6.408718 6.386946 6.366324 6.325079 6.304457 6.283834 6.263744 6.246774 6.240999 6.239979 6.261372 6.421984 6.5038 6.585579 6.667843 6.68427 6.707546 6.697139 6.678533 6.641319 6.622712 6.611506 6.631651 6.678173 6.697395 6.716618 6.737323 7.083474 7.337184 7.58949 7.808122 9.937001 9.813865 8.501835 8 8 8 8 8.115556 9.12631 9.191285 9.636246 9.975965 8.279716 8 8 8.002567 8 8 7.329809 6.176949 6 6 6 6 6 6 6 6 6
6.602868 6.595785 6.579588 6.57149 6.563175 6.535243 6.448867 6.426193 6.405571 6.384948 6.343704 6.323081 6.302459 6.282346 6.265306 6.258778 6.256457 6.287225 6.450473 6.532124 6.615164 6.700103 6.586997 6.615445 6.692212 6.742733 6.742309 6.723702 6.705095 6.698477 6.743236 6.762459 6.784437 6.904916 7.396075 7.592213 7.73013 7.840504 9.776364 9.81151 8.53395 8 8 8.000956 8.004011 8.000089 8.555737 8.484982 8.671309 9.331932 9.828906 8.429651 8 8 7.546519 7.809438 7.237224 6.351213 6 6 6 6 6 6 6 6 6
6.645916 6.62842 6.612223 6.603751 6.574036 6.530433 6.484066 6.463443 6.442821 6.422198 6.380954 6.360332 6.339709 6.31955 6.302371 6.295704 6.29094 6.343357 6.510684 6.594861 6.677738 6.759717 6.607607 6.486099 6.390894 6.432861 6.592301 6.67202 6.75174 6.819345 6.879488 6.988435 7.138416 7.252754 7.477896 7.590901 7.703907 7.816914 9.521613 9.743597 8.454692 8 8 8.007995 8.119409 8.105639 8 8 8.00273 8.093287 8.89905 9.870488 9.977643 8.889994 7.667095 7.663913 7.007371 6.706281 6.63124 6.62506 6.24257 6.034556 6 6 6 6 6
6.674393 6.645339 6.628541 6.613242 6.571815 6.543935 6.50269 6.482068 6.461445 6.440823 6.399579 6.378956 6.358334 6.338151 6.320904 6.314237 6.302449 6.336949 6.489407 6.565449 6.641491 6.700734 6.590799 6.499131 6.383992 6.293131 6.421289 6.501009 6.580729 6.666426 6.925062 7.035724 7.14406 7.253012 7.473725 7.585254 7.697818 7.810825 9.465969 9.701228 8.513611 8 8 8 8.038652 8.015784 8 8 8 8.032722 8.501851 9.492109 9.954124 10.28875 7.950737 7.619514 7.274665 7.050477 7.10475 7.47262 7.03686 6.352586 6.06638 6.014471 6 6 6
6.703313 6.665571 6.644226 6.613691 6.583253 6.56256 6.521315 6.500693 6.480071 6.459448 6.418204 6.397582 6.376959 6.356753 6.339436 6.327015 6.292563 6.280724 6.426394 6.502436 6.578478 6.594805 6.473862 6.412871 6.349717 6.267461 6.250278 6.343669 6.472156 6.63184 6.956988 7.073013 7.179933 7.286852 7.50069 7.60761 7.71453 7.821597 9.366861 9.659096 8.405751 8 8 7.995292 7.947135 7.936644 8 8 7.999933 8 8.123121 8.635887 9.322289 10.18362 9.253399 7.918487 7.597253 7.451614 7.51364 7.639884 7.220141 6.672301 6.420276 6.2822 6.219736 6.165283 6.046442
6.732234 6.689657 6.653069 6.622712 6.601807 6.581185 6.53994 6.519318 6.498696 6.478073 6.436829 6.416206 6.395584 6.375355 6.352635 6.318445 6.279448 6.244489 6.363381 6.439423 6.505183 6.472085 6.350102 6.289111 6.228119 6.167263 6.16099 6.327377 6.492493 6.657402 6.986422 7.110583 7.217503 7.324422 7.53826 7.644753 7.74666 7.84188 9.289983 9.666419 8.447309 8 7.990155 7.93208 7.855138 7.798162 7.94181 7.974937 7.977579 7.970748 7.951985 7.998088 8.532127 9.51253 10 9.207645 7.931005 7.779724 7.64708 7.68866 7.399245 7.052129 6.751178 6.627842 6.623815 6.650824 6.473548
6.783911 6.733896 6.662542 6.641105 6.619667 6.598229 6.555354 6.533916 6.512479 6.491041 6.448166 6.426728 6.405497 6.397471 6.331486 6.292214 6.253217 6.214221 6.237355 6.308131 6.285555 6.224564 6.117686 6.100679 6.1 6.1 6.146385 6.319977 6.500697 6.681417 7.035433 7.185026 7.288267 7.384364 7.566571 7.657425 7.748339 7.839252 9.842637 10.23148 8.85784 8.040836 7.826203 7.747311 7.670368 7.593426 7.601989 7.624441 7.652018 7.700983 7.858112 7.91103 7.943241 8.16235 9.464655 9.833727 9.935066 9.312013 8.15386 7.911084 7.842501 7.67918 7.436286 7.399181 7.407476 7.4557 7.500043
