includes/mnt-gz40.asc
ncols         321
nrows         214
xllcorner     581631.96258723
yllcorner     2322287.7286513
cellsize      40
NODATA_value  -9999
[rows 60 to 89 of 214, columns 67 to 133 of 321]
8.494982 8.18362 7.638572 6.417637 6 6 6 6 6 6 6 6 6 6 6 6 6 6 6 6 6 6 6 6 6 6 6 6 6 6 6 6 6 6 6 6 6 6 6 6 6 6 6 6 6 6 6 6 6 6 6 6 6.055418 6.163166 6.270913 6.37866 6.486407 6.594154 6.701901 6.809649 6.917396 7.025143 7.137089 7.141983 7.006289 6.859043 6.708726
8.391819 8.090691 7.808001 6.620473 6 6 6 6 6 6 6 6 6 6 6 6 6 6 6 6 6 6 6 6 6 6 6 6 6 6 6 6 6 6 6 6 6 6 6 6 6 6 6 6 6 6 6 6 6 6 6 6.002892 6.07891 6.186657 6.294405 6.402152 6.509899 6.617646 6.725393 6.83314 6.940888 7.050853 7.215384 7.046007 6.928059 6.817432 6.689834
8.287571 8.028947 7.931213 6.885499 6.006382 6 6 6 6 6 6 6 6 6 6 6 6 6 6 6 6 6 6 6 6 6 6 6 6 6 6 6 6 6 6 6 6 6 6 6 6 6 6 6 6 6 6 6 6 6 6 6.010839 6.102402 6.210149 6.317896 6.425643 6.533391 6.641138 6.748885 6.855396 6.960395 7.146522 7.265905 6.936793 6.826132 6.717574 6.609015
8.170166 8.001951 7.99352 7.142968 6.059831 6 6 6 6 6 6 6 6 6 6 6 6 6 6 6 6 6 6 6 6 6 6 6 6 6 6 6 6 6 6 6 6 6 6 6 6 6 6 6 6 6 6 6 6 6 6 6.023969 6.125893 6.23364 6.341388 6.449135 6.556882 6.664629 6.767038 6.870533 7.063614 7.278203 7.240974 6.823503 6.724205 6.615647 6.507088
8.034138 8 8 7.329809 6.176949 6 6 6 6 6 6 6 6 6 6 6 6 6 6 6 6 6 6 6 6 6 6 6 6 6 6 6 6 6 6 6 6 6 6 6 6 6 6 6 6 6 6 6 6 6 6 6.042218 6.149385 6.257132 6.364879 6.472627 6.580374 6.675322 6.779241 6.980706 7.195295 7.402345 7.149077 6.709104 6.622279 6.51372 6.405161
7.894969 7.546519 7.809438 7.237224 6.351213 6.002312 6 6 6 6 6 6 6 6 6 6 6 6 6 6 6 6 6 6 6 6 6 6 6 6 6 6 6 6 6 6 6 6 6 6 6 6 6 6 6 6 6 6 6 6 6.000458 6.065129 6.172876 6.280624 6.388371 6.495912 6.578181 6.690754 6.897798 7.112387 7.326976 7.467154 7.042309 6.593887 6.520231 6.411793 6.303235
7.781034 7.414804 7.755776 7.027122 6.410764 6.156361 6.06446 6.001099 6 6 6 6 6 6 6 6 6 6 6 6 6 6 6 6 6 6 6 6 6 6 6 6 6 6 6 6 6 6 6 6 6 6 6 6 6 6 6 6 6 6 6.005517 6.088621 6.196368 6.304115 6.409563 6.478041 6.603309 6.81489 7.029479 7.244068 7.458657 7.457107 6.93554 6.478669 6.414545 6.309866 6.201308
7.831836 7.667095 7.663913 7.007371 6.706281 6.507199 6.63124 6.62506 6.24257 6.034556 6 6 6 6 6 6 6 6 6 6 6 6 6 6 6 6 6 6 6 6 6 6 6 6 6 6 6 6 6 6 6 6 6 6 6 6 6 6 6 6 6.015651 6.112113 6.21986 6.319545 6.374985 6.518601 6.731982 6.946571 7.16116 7.375749 7.587241 7.374332 6.828772 6.363451 6.306291 6.20794 6.099381
9.183241 7.950737 7.619514 7.274665 7.050477 6.913592 7.10475 7.47262 7.03686 6.352586 6.155932 6.06638 6.014471 6 6 6 6 6 6 6 6 6 6 6 6 6 6 6 6 6 6 6 6 6 6 6 6 6 6 6 6 6 6 6 6 6 6 6 6 6 6.030994 6.135604 6.224295 6.273753 6.434485 6.649074 6.863663 7.073342 7.248968 7.358833 7.28992 7.131478 6.722004 6.248232 6.193961 6.106013 6.01549
10.0153 9.253399 7.918487 7.597253 7.451614 7.329002 7.51364 7.639884 7.220141 6.672301 6.542027 6.420276 6.2822 6.219736 6.165283 6.09657 6.046442 6.019626 6.008919 6.000585 6 6 6 6 6 6 6 6 6 6 6 6 6 6 6 6 6 6 6 6 6 6 6 6 6 6 6 6 6 6 6.050457 6.123094 6.173454 6.351577 6.55082 6.710745 6.828705 6.889997 6.877836 6.74093 6.424848 6.337235 6.331479 6.117326 6.078761 6.018998 6
9.926584 10 9.207645 7.931005 7.779724 7.662721 7.64708 7.68866 7.399245 7.052129 6.922368 6.751178 6.627842 6.623815 6.650824 6.569797 6.473548 6.401786 6.358268 6.307282 6.176632 6.094657 6.038969 6.007586 6 6 6 6 6 6 6 6 6 6 6 6 6 6 6 6 6 6 6 6 6 6 6 6.002735 6.035254 6.040961 6.046015 6.055299 6.164651 6.269848 6.343551 6.392244 6.40767 6.334544 6.239315 6.357734 6.702091 6.771637 6.662717 6.370916 6.18904 6.05275 6.000718
9.388534 9.916622 9.987725 8.764402 7.931391 7.838738 7.78634 7.756056 7.620167 7.408621 7.215142 7.059385 7.012459 7.015582 7.07101 7.065931 6.990927 6.919345 6.873756 6.77307 6.577101 6.466026 6.368772 6.272147 6.197049 6.118227 6.03672 6.00188 6 6 6 6 6 6 6 6 6 6 6 6 6 6 6 6 6 6 6.080706 6.465118 6.641591 6.50616 6.407958 6.338415 6.205389 6.16384 6.151299 6.161667 6.328279 6.505819 6.837934 7.54812 7.860979 7.73814 7.335354 6.944811 6.747242 6.51857 6.272477
8.923359 9.464655 9.833727 9.935066 9.312013 8.614097 8.15386 7.911084 7.842501 7.67918 7.499593 7.436286 7.399181 7.407476 7.4557 7.49718 7.500043 7.437664 7.369655 7.211136 6.988919 6.854835 6.765353 6.699697 6.685959 6.618727 6.460626 6.298714 6.138214 6.085938 6.04683 6.002591 6 6 6 6 6 6 6 6 6 6 6 6 6.016087 6.288421 6.896443 7.374725 7.249094 7.00597 6.888579 6.863169 6.752753 6.678755 6.660719 6.689151 7.041736 7.426663 7.849797 7.999819 8 7.997227 7.861256 7.51628 7.314665 7.082479 6.870451
8.468754 8.959496 9.388211 9.802726 9.969586 10 9.919462 9.381261 8.561819 8.062698 7.873166 7.823008 7.785903 7.796595 7.844857 7.957525 8.048412 8.079007 7.854623 7.639266 7.402065 7.265591 7.213757 7.172241 7.198907 7.146128 6.98974 6.786437 6.55342 6.453021 6.365296 6.172674 6.011363 6 6 6 6 6 6 6 6 6 6.000564 6.059662 6.385553 6.957955 7.526731 7.841278 7.732503 7.504836 7.361332 7.356957 7.296 7.21912 7.218349 7.287376 7.599119 7.930827 8.016603 8.015901 8.015199 8.014496 8.013794 7.969986 7.84531 7.66434 7.57906
8.091019 8.489755 8.926606 9.352011 9.58968 9.74204 9.938789 10 10 9.870762 9.603812 9.459916 9.325748 9.377535 9.60784 9.796864 9.845192 9.831526 9.523284 8.638346 7.85489 7.718394 7.67494 7.6731 7.713017 7.670103 7.48764 7.245737 6.999549 6.840838 6.706481 6.444856 6.189968 6.01153 6 6 6 6 6 6 6.004756 6.048919 6.207716 6.459429 6.787065 7.188853 7.699313 7.946309 7.959097 7.931922 7.844121 7.814812 7.795439 7.756316 7.78054 7.887629 7.996458 8.054659 8.081408 8.081334 8.080398 8.079461 8.076805 8.055709 8.035484 8.04038 8.074572
7.977499 8.082555 8.465224 8.890906 9.100922 9.213717 9.550908 9.773607 9.793058 9.808556 9.779485 9.730444 9.662507 9.601537 9.600473 9.695398 9.805174 9.898429 9.865582 9.929566 9.754203 9.290392 9.021572 8.931061 9.101581 8.828131 7.968156 7.677191 7.441785 7.229056 7.038486 6.847129 6.663422 6.288753 6.11195 6.042321 6.01273 6.014424 6.046305 6.122862 6.262557 6.41012 6.63469 6.92559 7.237886 7.636489 8.463686 9.372101 9.67022 9.754199 9.732714 9.613476 9.484379 9.269833 8.671138 8.029832 8.073025 8.111304 8.145849 8.150058 8.149121 8.148023 8.134245 8.114212 8.128645 8.176558 8.225058
7.951184 7.962833 8.066712 8.429523 8.607479 8.696602 8.968113 9.06147 9.109046 9.12301 8.977951 8.726748 8.501524 8.104244 8.078337 8.377955 8.796346 9.157517 8.993082 8.506753 8.449718 9.204347 9.603724 9.906475 9.987207 9.928968 9.021484 8.192842 7.816409 7.622355 7.486535 7.360214 7.169587 6.862233 7.306511 7.598248 6.701785 6.297823 6.379406 6.479111 6.67667 6.828357 7.033237 7.36921 7.691475 8.697231 9.943804 9.728842 9.319576 9.226985 9.21695 9.324627 9.514746 9.323855 8.086433 8.015109 8.097523 8.16814 8.206464 8.218781 8.217845 8.211121 8.194082 8.217441 8.267618 8.31873 8.367683
7.925382 7.929278 7.958934 8.042474 8.135664 8.19013 8.268347 8.323738 8.39636 8.366058 8.18998 8.05303 8.001308 8 8 8 8.031932 8.198996 8.427679 8.054635 8.009887 8.492773 9.155969 9.401276 9.564031 9.820168 9.992133 9.855624 9.52494 8.621865 7.800233 7.788063 7.68901 7.774709 7.944652 7.899691 7.088548 6.69567 6.759797 6.822387 7.03309 7.242159 7.43136 7.78972 8.979322 9.715457 8.781525 8.070311 7.919659 7.923793 7.922267 7.92425 7.955408 8.088491 8 8.021562 8.1073 8.196745 8.263241 8.28721 8.284996 8.275506 8.307671 8.358679 8.409791 8.460902 8.510326
7.903015 7.904153 7.917603 7.948853 7.977172 7.985203 7.986241 7.987322 7.989506 7.988559 7.994701 7.999203 8 8 8 8 8 8 8 8.004425 8.000527 8.402479 8.725193 8.834097 8.952045 9.230698 9.686023 9.868423 9.983912 9.987665 9.315202 8.785294 8.914408 8.034616 7.970427 7.96027 7.473927 7.113976 7.139279 7.177099 7.35323 7.597339 7.861624 9.129877 9.813437 8.391565 7.878349 7.792368 7.78232 7.790181 7.797912 7.805881 7.907438 7.997657 8 8.028894 8.117077 8.206848 8.295837 8.352132 8.359065 8.398627 8.449739 8.500852 8.551963 8.603075 8.652878
7.9 7.9 7.9 7.90689 7.931385 7.958127 7.963789 7.96476 7.966407 7.967813 7.976519 7.985462 7.993904 7.998929 8 8 8 8 7.97779 7.971129 7.973973 8.096089 8.192673 8.290618 8.392241 8.582147 8.972399 9.400478 9.64905 9.837468 9.932223 9.99832 9.99983 9.328333 8.301956 8.014291 7.811227 7.552709 7.516679 7.535794 7.684563 7.985255 9.063449 9.925713 8.772188 7.856837 7.7021 7.639947 7.645209 7.652282 7.647617 7.658025 7.844763 7.984811 8 8.037097 8.126854 8.215542 8.296962 8.362352 8.470906 8.5408 8.591911 8.643023 8.694135 8.745247 8.795413
7.9 7.9 7.9 7.9 7.901131 7.9157 7.938343 7.942267 7.943381 7.948628 7.957571 7.966692 7.976764 7.981932 7.983928 7.993895 7.987123 7.915725 7.775715 7.767139 7.88096 7.997468 8.012217 8.068084 8.147137 8.229394 8.614366 8.97716 9.180187 9.390556 9.384359 9.367914 9.717827 9.914371 9.948517 9.630357 9.097157 8.394188 7.962593 7.917706 8.35467 9.289743 9.968488 9.463098 8.120601 7.693488 7.527667 7.500237 7.501915 7.486738 7.464282 7.499787 7.691698 7.836038 7.95689 8.035997 8.107883 8.171677 8.228325 8.258875 8.368731 8.603611 8.730937 8.785195 8.836308 8.88742 8.937865
7.9 7.9 7.9 7.9 7.9 7.9 7.905093 7.918363 7.921765 7.92977 7.934625 7.931535 7.919359 7.904079 7.890924 7.907553 7.89171 7.734075 7.55803 7.670745 7.848293 7.989189 8 8.000969 8.026989 8.041384 8.257823 8.516949 8.732722 8.951224 8.895275 8.397717 8.248094 8.381958 8.954544 9.530937 9.881602 9.994381 9.838605 9.684519 10.02181 10 9.788033 8.928324 7.939607 7.571009 7.364697 7.344775 7.323369 7.300889 7.278409 7.347301 7.507889 7.646709 7.790094 7.932202 8.03291 8.090814 8.129901 8.149704 8.209737 8.428993 8.691672 8.894304 8.978479 9.029592 9.080281
7.9 7.9 7.9 7.9 7.9 7.9 7.9 7.900463 7.884209 7.872237 7.858498 7.843218 7.827938 7.812658 7.797379 7.796919 7.769501 7.580549 7.398987 7.526835 7.76557 7.959893 8 8 8 8 8.009496 8.101854 8.293718 8.512219 8.40586 7.957031 7.834382 7.857907 7.885339 7.965354 8.39345 9.133334 9.593029 9.92521 10.05495 9.660293 9.035977 8.279385 7.778579 7.503756 7.305413 7.228606 7.171816 7.126727 7.093933 7.180864 7.329046 7.479165 7.631188 7.785686 7.937418 8.005356 8.036697 8.044566 8.0867 8.23242 8.49518 8.759386 9.011291 9.163262 9.222646
7.9 7.9 7.9 7.9 7.9 7.9 7.9 7.9 7.828857 7.734463 7.728951 7.7311 7.727981 7.719586 7.705957 7.693779 7.636754 7.44787 7.253898 7.278691 7.533593 7.788059 7.949558 7.967129 7.972503 7.986579 7.996912 8 8.009246 8.100604 7.992531 7.737411 7.606711 7.62958 7.663275 7.73135 7.833801 7.946843 8.136843 8.30685 8.423151 8.407062 8.072875 7.934089 7.771634 7.551364 7.345897 7.251284 7.178862 7.10644 7.042428 7.082654 7.21669 7.374879 7.533068 7.691257 7.849447 7.94693 8.058955 8.130432 8.057599 8.067989 8.296394 8.559134 8.822241 9.089186 9.319304
7.88115 7.9 7.9 7.9 7.9 7.9 7.9 7.899734 7.814201 7.674564 7.569528 7.557722 7.563735 7.569749 7.575726 7.578103 7.507157 7.317513 7.122896 7.046564 7.284704 7.529639 7.634594 7.678952 7.70294 7.738378 7.780912 7.855437 7.886963 7.85995 7.749488 7.535286 7.383955 7.402789 7.451976 7.547532 7.641136 7.740512 7.836347 7.870738 7.889653 7.890121 7.833834 7.844487 7.8145 7.60845 7.392631 7.278121 7.205698 7.133276 7.094144 7.130774 7.177495 7.284843 7.440638 7.598827 7.757016 7.884824 7.990697 8.118824 8.118679 8.041641 8.100747 8.38983 8.706107 9.050343 9.312378
7.819195 7.881123 7.9 7.9 7.9 7.9 7.9 7.89677 7.799808 7.660171 7.520534 7.405276 7.386353 7.392367 7.39838 7.400255 7.314879 7.176536 6.991894 6.845559 7.035814 7.225739 7.279751 7.333661 7.379944 7.405676 7.448396 7.520923 7.529228 7.508239 7.469666 7.33035 7.162178 7.180578 7.261605 7.358768 7.461988 7.56723 7.671991 7.730869 7.750196 7.74278 7.703414 7.737635 7.773144 7.665015 7.445265 7.304958 7.232535 7.161933 7.161456 7.201511 7.241567 7.28249 7.3604 7.506397 7.664586 7.812828 7.918192 8.026144 8.057975 8.05108 8.104666 8.459468 8.825998 9.145246 9.254973
7.751677 7.819152 7.881096 7.9 7.9 7.9 7.9 7.893172 7.785414 7.645778 7.506141 7.366504 7.244268 7.214985 7.220998 7.202833 7.092154 6.971743 6.841954 6.675428 6.776139 6.880656 6.93409 6.98825 7.042411 7.077747 7.118886 7.171465 7.158225 7.137279 7.116333 7.075045 6.944402 6.978431 7.078659 7.183464 7.288706 7.393948 7.49919 7.585948 7.610763 7.594012 7.591615 7.630783 7.669951 7.679701 7.502351 7.333578 7.259372 7.204077 7.232193 7.272248 7.312303 7.352359 7.392414 7.447515 7.572521 7.729671 7.848835 7.929214 7.961433 7.992742 8.155882 8.603561 8.955781 9.114211 9.186984
7.684157 7.751634 7.819109 7.88107 7.9 7.9 7.9 7.887875 7.771021 7.631384 7.491747 7.35211 7.212473 7.083831 7.04403 6.98961 6.869427 6.749017 6.629611 6.508701 6.485909 6.535588 6.58868 6.64284 6.697001 6.747365 6.786943 6.807433 6.786926 6.76598 6.74652 6.737856 6.733292 6.803988 6.904941 7.010182 7.115424 7.220666 7.325908 7.428119 7.4712 7.457641 7.484763 7.523932 7.5631 7.602268 7.551658 7.368448 7.286209 7.263504 7.302929 7.342984 7.38304 7.423095 7.463151 7.503206 7.546732 7.643061 7.773728 7.832148 7.875538 7.947653 8.218212 8.724916 8.971172 9.047 9.119836
7.616638 7.684114 7.751591 7.819066 7.881042 7.9 7.9 7.880678 7.756627 7.61699 7.477353 7.337716 7.198079 7.059769 6.926453 6.798914 6.688428 6.580241 6.471539 6.371018 6.392031 6.4 6.4 6.40674 6.421318 6.446052 6.468617 6.481753 6.497897 6.523985 6.559631 6.595606 6.644111 6.712401 6.79036 6.870912 6.958139 7.052044 7.152627 7.257868 7.32917 7.339198 7.377912 7.41708 7.456248 7.495416 7.526794 7.409569 7.319497 7.33361 7.373665 7.413721 7.453776 7.493832 7.533887 7.573943 7.613829 7.649786 7.70832 7.782548 7.871443 7.961724 8.293844 8.711164 8.887169 9.00625 9.091975
7.549119 7.616595 7.684072 7.751548 7.819023 7.881016 7.9 7.872947 7.742234 7.602597 7.463985 7.329509 7.199422 7.072365 6.944901 6.677239 6.561185 6.452484 6.343782 6.284269 6.374725 6.4 6.4 6.4 6.4 6.3977 6.370194 6.380873 6.416798 6.452724 6.488649 6.527961 6.587331 6.651427 6.726875 6.805039 6.883202 6.961365 7.039528 7.119719 7.197938 7.23784 7.274302 7.311873 7.349475 7.388564 7.427732 7.427559 7.369176 7.404346 7.44398 7.479389 7.511636 7.539995 7.564163 7.585247 7.603951 7.646715 7.718833 7.795358 7.882642 7.978957 8.301321 8.552003 8.712628 8.863154 9.012089
