includes/mnt-gz50.asc
ncols         257
nrows         171
xllcorner     581631.96258723
yllcorner     2322297.7286513
cellsize      50
NODATA_value  -9999
[rows 58 to 86 of 171, columns 0 to 66 of 257]
6.733563 6.676374 6.599445 6.577735 6.556026 6.534317 6.490898 6.469188 6.447479 6.425769 6.38235 6.363423 6.368457 6.393066 6.337467 6.287233 6.241775 6.201105 6.175005 6.21602 6.162263 6.116797 6.1 6.1 6.1 6.1 6.137388 6.307981 6.4887 6.66942 7.030409 7.195008 7.29584 7.382004 7.563439 7.654769 7.746119 7.837353 10.00082 11.11575 9.232277 8.297371 7.826479 7.72684 7.628298 7.533922 7.469427 7.546002 7.6356 7.725595 7.894024 7.922473 7.94418 7.986387 8.959496 9.388211 9.802726 9.969586 9.919462 9.381261 8.561819 8.062698 7.823008 7.785903 7.796595 7.844857 8.048412
6.663597 6.608728 6.531512 6.50973 6.48802 6.466311 6.422891 6.401182 6.379472 6.357763 6.32489 6.341967 6.368011 6.393549 6.356932 6.305156 6.25338 6.201828 6.124365 6.115909 6.100457 6.1 6.1 6.1 6.1 6.1 6.130222 6.295984 6.476704 6.657424 7.01105 7.181032 7.314073 7.395736 7.559088 7.645459 7.735459 7.827945 9.481585 11.88641 9.838905 8.746184 7.87338 7.771969 7.66316 7.536218 7.508958 7.592567 7.682562 7.772556 7.912135 7.933825 7.955532 7.977239 8.489755 8.926606 9.352011 9.58968 9.938789 10 10 9.870762 9.459916 9.325748 9.377535 9.60784 9.845192
6.593631 6.543918 6.464841 6.441723 6.420014 6.398304 6.354886 6.333176 6.311466 6.291415 6.31665 6.342695 6.368728 6.393965 6.376398 6.324622 6.272845 6.221069 6.121195 6.103247 6.1 6.1 6.1 6.1 6.1 6.1 6.124224 6.283988 6.464708 6.645428 6.990275 7.160942 7.322196 7.416922 7.578415 7.659162 7.739908 7.821805 8.795121 11.74936 11.13861 9.445797 7.900921 7.771316 7.629671 7.504114 7.577725 7.642166 7.729523 7.819518 7.923469 7.945176 7.964293 7.974096 8.082555 8.465224 8.890906 9.100922 9.550908 9.773607 9.793058 9.808556 9.730444 9.662507 9.601537 9.600473 9.805174
6.457285 6.420259 6.337687 6.305717 6.284001 6.262291 6.219727 6.217346 6.239974 6.266018 6.318106 6.34415 6.369916 6.394804 6.414786 6.363552 6.311776 6.26 6.169286 6.144214 6.128285 6.114161 6.1 6.1 6.1 6.1 6.112392 6.259995 6.438934 6.60876 6.950094 7.120761 7.291428 7.448924 7.620787 7.701534 7.78228 7.863027 7.977891 8.926144 11.45839 10.77441 7.832046 7.670233 7.568733 7.609115 7.7223 7.778893 7.83644 7.896678 7.916276 7.918552 7.920829 7.923105 7.929278 7.958934 8.042474 8.135664 8.268347 8.323738 8.39636 8.366058 8.05303 8.001308 8 8 8.031932
6.394767 6.358642 6.276071 6.238937 6.215995 6.194285 6.188984 6.214657 6.240701 6.266746 6.318834 6.344878 6.370393 6.395223 6.429609 6.383018 6.331242 6.279465 6.195011 6.168736 6.149124 6.135067 6.107454 6.100545 6.1 6.1 6.108762 6.247015 6.418247 6.588669 6.930003 7.10067 7.271337 7.441334 7.641973 7.72272 7.803466 7.884083 7.966051 8.029658 9.53532 9.524954 7.794477 7.628501 7.622535 7.673255 7.763605 7.803258 7.839255 7.881317 7.90009 7.900607 7.901175 7.901897 7.904153 7.917603 7.948853 7.977172 7.986241 7.987322 7.989506 7.988559 7.999203 8 8 8 8
6.33315 6.297025 6.214454 6.174214 6.14842 6.142345 6.189341 6.215385 6.241429 6.267473 6.319561 6.345592 6.370803 6.395642 6.439697 6.402483 6.350707 6.298931 6.220736 6.194461 6.170762 6.155973 6.127724 6.113599 6.102685 6.1 6.105419 6.227894 6.397912 6.568579 6.909913 7.08058 7.251246 7.421913 7.663159 7.743906 7.824652 7.896844 7.952438 7.973821 8.036612 8.071341 7.67732 7.58982 7.597555 7.631235 7.698593 7.732272 7.765969 7.819453 7.9 7.9 7.9 7.9 7.9 7.9 7.90689 7.931385 7.963789 7.96476 7.966407 7.967813 7.985462 7.993904 7.998929 8 8
6.271534 6.235409 6.152838 6.115681 6.113101 6.13798 6.190069 6.216113 6.242157 6.268201 6.320289 6.346219 6.371222 6.396061 6.445051 6.421948 6.370172 6.318396 6.24646 6.220186 6.194268 6.176879 6.14863 6.134369 6.119297 6.104289 6.113583 6.229849 6.386204 6.549726 6.889822 7.060489 7.231156 7.401823 7.684345 7.765092 7.844771 7.891636 7.93256 7.931165 7.925318 7.837589 7.613385 7.556617 7.524251 7.55793 7.625288 7.658968 7.693768 7.751934 7.881257 7.9 7.9 7.9 7.9 7.9 7.9 7.901131 7.938343 7.942267 7.943381 7.948628 7.966692 7.976764 7.981932 7.983928 7.987123
6.148301 6.115924 6.102174 6.114686 6.129197 6.14408 6.191524 6.217568 6.243612 6.269656 6.321744 6.347236 6.372061 6.3969 6.446579 6.455856 6.409103 6.358 6.297909 6.271635 6.253782 6.230748 6.158227 6.139623 6.121211 6.103834 6.206139 6.3282 6.46179 6.611886 6.912843 7.063322 7.214447 7.370769 7.699999 7.803926 7.834836 7.831503 7.807473 7.797629 7.704601 7.589339 7.660179 7.491376 7.37954 7.411322 7.47868 7.51236 7.55203 7.616896 7.751848 7.819324 7.881204 7.9 7.9 7.9 7.9 7.9 7.9 7.900463 7.884209 7.872237 7.843218 7.827938 7.812658 7.797379 7.769501
6.102775 6.1 6.110826 6.125337 6.139847 6.154358 6.192252 6.218296 6.24434 6.270384 6.322453 6.347641 6.37248 6.397319 6.446997 6.466052 6.428568 6.37967 6.323634 6.305101 6.306464 6.273672 6.176425 6.140074 6.119505 6.102848 6.261555 6.383624 6.50805 6.652983 6.95394 7.104419 7.254898 7.405377 7.705418 7.784339 7.775626 7.76355 7.739594 7.703809 7.584956 7.608238 7.653973 7.461887 7.3168 7.338017 7.405376 7.439055 7.482778 7.549377 7.684329 7.751805 7.819281 7.881177 7.9 7.9 7.9 7.9 7.9 7.9 7.828857 7.734463 7.7311 7.727981 7.719586 7.705957 7.636754
6.1 6.100118 6.121476 6.135987 6.150497 6.165009 6.195302 6.219024 6.245068 6.271112 6.323067 6.34806 6.3729 6.397738 6.447417 6.471513 6.448033 6.402878 6.35642 6.358891 6.358412 6.316576 6.218735 6.169815 6.125739 6.107385 6.316971 6.43904 6.561109 6.694496 6.995038 7.145516 7.295995 7.446474 7.689947 7.706975 7.707412 7.695476 7.670574 7.583933 7.585909 7.656832 7.627811 7.432398 7.262647 7.264713 7.332072 7.365751 7.414382 7.481858 7.61681 7.684286 7.751762 7.819238 7.9 7.9 7.9 7.9 7.9 7.899734 7.814201 7.674564 7.557722 7.563735 7.569749 7.575726 7.507157
6.1 6.103965 6.132127 6.146637 6.161148 6.175659 6.20468 6.221217 6.245795 6.27184 6.323607 6.34848 6.373319 6.398158 6.447836 6.472675 6.467064 6.427632 6.409802 6.416025 6.406692 6.359479 6.261638 6.212748 6.171523 6.16859 6.372387 6.494456 6.616525 6.740868 7.036134 7.186613 7.337092 7.487175 7.606572 7.619163 7.63083 7.627413 7.578911 7.564885 7.634504 7.705426 7.598322 7.40291 7.216533 7.191409 7.258768 7.29258 7.346863 7.414339 7.549291 7.616767 7.684243 7.751719 7.881123 7.9 7.9 7.9 7.9 7.89677 7.799808 7.660171 7.405276 7.386353 7.392367 7.39838 7.314879
6.11171 6.124406 6.153428 6.167938 6.182449 6.196959 6.225981 6.240491 6.25502 6.273759 6.324479 6.349318 6.374157 6.398996 6.44981 6.482839 6.507702 6.510651 6.52407 6.528326 6.494206 6.449799 6.407729 6.39413 6.387221 6.441794 6.582113 6.652529 6.736633 6.849426 7.118329 7.268807 7.38176 7.405219 7.430401 7.443067 7.461697 7.489726 7.589847 7.660769 7.731692 7.802515 7.539345 7.343933 7.14852 7.045475 7.112159 7.149318 7.211825 7.279301 7.414253 7.48173 7.549205 7.616681 7.751634 7.819109 7.88107 7.9 7.9 7.887875 7.771021 7.631384 7.35211 7.212473 7.083831 7.04403 6.869427
6.139801 6.149923 6.17321 6.185674 6.198218 6.210861 6.237778 6.251357 6.265653 6.280277 6.325319 6.357087 6.396356 6.442683 6.556461 6.593946 6.575562 6.564387 6.579106 6.581841 6.559759 6.544519 6.517321 6.503722 6.51395 6.581504 6.721823 6.791983 6.862143 6.934602 7.159899 7.277819 7.304747 7.324094 7.391012 7.438503 7.489423 7.540344 7.638624 7.709364 7.780286 7.83779 7.509856 7.314444 7.119031 6.981005 7.038855 7.079084 7.144306 7.211782 7.346734 7.41421 7.481687 7.549162 7.684114 7.751591 7.819066 7.881042 7.9 7.880678 7.756627 7.61699 7.337716 7.198079 7.059769 6.926453 6.688428
6.194354 6.208559 6.229714 6.240292 6.25087 6.261447 6.282604 6.293181 6.303759 6.308598 6.426415 6.486812 6.54721 6.607607 6.696819 6.673931 6.645376 6.623066 6.633451 6.638687 6.641713 6.641731 6.62688 6.614149 6.651053 6.721213 6.861533 6.930305 6.998623 7.066462 7.198631 7.25466 7.303019 7.353939 7.45578 7.5067 7.557621 7.608541 7.695652 7.757958 7.828881 7.850351 7.480368 7.284955 7.089543 6.924798 6.965551 7.009946 7.076787 7.144263 7.279215 7.346691 7.414167 7.481644 7.616595 7.684072 7.751548 7.819023 7.9 7.872947 7.742234 7.602597 7.329509 7.199422 7.072365 6.944901 6.561185
6.210537 6.263947 6.289542 6.30012 6.310698 6.321275 6.342431 6.353009 6.343225 6.332394 6.598356 6.658753 6.719151 6.77819 6.772338 6.743783 6.715228 6.687387 6.689073 6.693644 6.696582 6.699556 6.705725 6.715791 6.767546 6.831742 6.957342 7.020141 7.08294 7.145738 7.214025 7.293661 7.36642 7.421948 7.523977 7.574897 7.625818 7.676738 7.768054 7.806552 7.877475 7.840116 7.450879 7.255466 7.060054 6.876513 6.892247 6.941792 7.009268 7.076744 7.211697 7.279172 7.346648 7.414124 7.549076 7.616552 7.684029 7.751505 7.880989 7.863211 7.733102 7.602645 7.348527 7.221649 7.09477 6.967892 6.433428
6.216911 6.290886 6.409197 6.419775 6.430353 6.44093 6.396964 6.237334 6.406999 6.637719 6.942238 6.996397 6.997312 6.969151 6.912042 6.883487 6.854933 6.826378 6.800017 6.803515 6.806681 6.81669 6.865753 6.89175 6.918255 6.965004 7.090512 7.153196 7.195878 7.2 7.228125 7.315388 7.404404 7.493419 7.646982 7.707904 7.76214 7.813133 7.919404 7.937383 7.943109 7.782726 7.391901 7.196489 7.001077 6.805665 6.747219 6.806754 6.87423 6.941707 7.076658 7.144135 7.211611 7.279086 7.414039 7.475914 7.521237 7.54978 7.591193 7.596918 7.583184 7.530158 7.344995 7.243206 7.132349 7.012344 6.182894
6.220121 6.294073 6.455112 6.479602 6.49018 6.500736 6.19309 6.340747 6.571467 6.802186 7.103188 7.096113 7.067558 7.039003 6.981894 6.95334 6.924785 6.89623 6.855392 6.860643 6.878132 6.903789 6.955784 6.981781 7.007778 7.037838 7.156746 7.196654 7.2 7.2 7.236697 7.325676 7.414691 7.503706 7.67997 7.753391 7.817888 7.878405 8.241679 8.540099 8.013002 7.754427 7.362413 7.167001 6.971588 6.776176 6.676271 6.739235 6.806711 6.874187 7.00914 7.076615 7.144092 7.209035 7.292222 7.313592 7.334227 7.354861 7.395805 7.395453 7.384065 7.371935 7.241936 7.148951 7.055964 6.961731 6.085756
6.239858 6.305365 6.466453 6.533523 6.546417 6.417622 6.274496 6.505215 6.731261 6.932822 7.168435 7.143326 7.115098 7.086869 7.030413 7.002184 6.973956 6.945728 6.912019 6.942564 6.968236 6.993908 7.045787 7.071622 7.097744 7.123806 7.197365 7.199854 7.199105 7.198207 7.232972 7.328954 7.423148 7.513994 7.692024 7.780623 7.85897 7.92461 10.31099 9.425983 8.192528 7.789186 7.335479 7.137512 6.9421 6.746687 6.60618 6.671717 6.739192 6.806668 6.940841 6.995872 7.03369 7.056771 7.098039 7.118673 7.139307 7.159942 7.199066 7.193988 7.1826 7.171212 7.127806 7.044808 6.948361 6.72784 6
6.2954 6.356523 6.496249 6.562569 6.398631 6.125781 6.360234 6.512943 6.643689 6.774993 7.049292 7.121551 7.100101 7.071981 7.015742 6.987622 6.959503 6.931383 6.962228 7.030833 7.064779 7.090126 7.140819 7.166165 7.191512 7.216859 7.20057 7.185197 7.179316 7.176098 7.173435 7.240386 7.349347 7.458332 7.671004 7.772573 7.871175 7.998053 9.945465 9.195389 8.132565 7.786534 7.354865 7.129982 6.915736 6.717199 6.537172 6.604198 6.671682 6.731075 6.799949 6.820583 6.841218 6.861852 6.90312 6.923754 6.944388 6.965023 7.000911 6.992523 6.981134 6.969747 6.947338 6.926686 6.735097 6.376129 6
6.390165 6.470413 6.501375 6.192537 6.012585 5.969522 5.919557 6.055323 6.198386 6.349488 6.621541 6.767036 6.918665 7.018447 6.978505 6.950386 6.922266 6.918411 7.062676 7.138532 7.214386 7.280179 7.337141 7.362487 7.384937 7.370045 7.306505 7.274735 7.242966 7.211195 7.148391 7.124564 7.134799 7.25345 7.578653 7.753976 8.000258 10.31577 9.446146 8.659776 7.984096 7.744094 7.318135 7.106982 6.897366 6.682651 6.453949 6.456156 6.475698 6.495242 6.534327 6.55387 6.573413 6.592956 6.632041 6.651584 6.671127 6.689731 6.669549 6.683364 6.697457 6.71155 6.737194 6.634448 6.450169 6.26544 6
6.310078 6.509944 6.331124 6.122417 5.976201 5.790166 5.461976 5.689564 5.952603 6.142366 6.408023 6.548923 6.700551 6.85218 6.959887 6.931767 6.910626 6.961191 7.112901 7.188756 7.26461 7.340466 7.435301 7.460179 7.457862 7.426626 7.363087 7.331316 7.300184 7.270851 7.217587 7.19355 7.189254 7.321478 7.671455 7.84769 8.907874 10.01322 9.105224 8.47468 7.945259 7.728248 7.31655 7.10449 6.863444 6.623527 6.646004 6.505795 6.525338 6.544881 6.583966 6.603509 6.623052 6.642595 6.681681 6.701223 6.704833 6.665693 6.586012 6.60465 6.618373 6.632466 6.622863 6.455613 6.271335 6.112759 6.000068
6.195108 6.436919 6.280355 6.076686 5.91092 5.691808 5.329724 5.443748 5.679757 5.929841 6.203107 6.332919 6.482436 6.634065 6.908957 6.913859 6.936453 7.011415 7.163125 7.23898 7.314835 7.39069 7.529122 7.543394 7.515727 7.486506 7.433466 7.409579 7.386764 7.363949 7.318319 7.295504 7.298435 7.428539 7.76611 8.033002 9.732092 9.850071 9.043115 8.474043 7.956901 7.739612 7.28657 7.019764 6.751978 6.793601 6.965932 6.584062 6.574977 6.59452 6.633605 6.653149 6.672691 6.692234 6.722757 6.69357 6.634461 6.572983 6.499978 6.522296 6.539498 6.553383 6.461057 6.282925 6.164421 6.103425 6.002841
6.072707 6.233942 6.202706 6.050422 5.987186 5.82742 5.557478 5.609569 5.698998 5.89547 6.181358 6.209375 6.328299 6.470483 6.755374 6.872409 6.942924 7.015151 7.159604 7.231831 7.304057 7.376284 7.530201 7.612075 7.602503 7.579978 7.534348 7.511533 7.488718 7.465903 7.420273 7.397458 7.408434 7.539646 7.86694 8.297146 9.366916 9.512722 8.775455 8.383163 7.964124 7.709695 7.172625 6.902339 6.789471 7.157662 7.281403 6.824313 6.624617 6.644159 6.683245 6.702788 6.722331 6.738084 6.66408 6.602602 6.541125 6.479647 6.413943 6.436387 6.45852 6.474384 6.31375 6.233858 6.177731 6.120831 6.010152
6 6 6 6 6 6 5.97139 5.972596 5.955381 5.944939 6.309529 6.204471 6.129608 6.235496 6.489023 6.566687 6.660329 6.73385 6.875884 6.946901 7.017919 7.089146 7.389917 7.597944 7.690577 7.714024 7.735569 7.715441 7.692626 7.669811 7.62418 7.601365 7.63287 7.769135 8.073847 8.227633 8.380961 8.603192 8.25596 8.049716 7.936798 7.557407 6.948309 7.084282 7.541421 7.758421 7.827824 7.610056 6.975729 6.743438 6.764225 6.722991 6.661842 6.600364 6.477409 6.415931 6.354454 6.292976 6.241875 6.265518 6.298409 6.339017 6.291765 6.230767 6.169768 6.108769 6.039957
6 6 6 6 6 6 5.702188 5.583734 5.586101 5.778129 6.276096 6.223589 6.118927 6.120813 6.323043 6.407578 6.507091 6.588739 6.730773 6.801791 6.872808 6.955945 7.33638 7.547289 7.706233 7.73668 7.783605 7.800834 7.793885 7.771764 7.726134 7.703319 7.746482 7.88478 8.142383 8.285409 8.427989 8.518426 8.181231 8.012588 7.954594 7.590582 7.084632 7.509924 7.896233 7.977813 7.998041 7.935308 7.441223 6.864541 6.717482 6.65185 6.586217 6.520585 6.389319 6.323926 6.261287 6.19964 6.164483 6.205234 6.248287 6.287435 6.28167 6.220671 6.159673 6.098787 6.086392
6 6 6 6 6.002187 6 5.504682 5.251852 5.500384 5.805489 6.012862 6.075743 6.096871 6.049421 6.160148 6.248728 6.348857 6.442698 6.585663 6.65668 6.732172 6.865588 7.282843 7.493752 7.693463 7.759297 7.806253 7.829719 7.852973 7.864362 7.828088 7.805273 7.862127 7.987589 8.159756 8.302336 8.442394 8.40967 8.079283 8.010864 7.983971 7.86349 7.865429 7.974024 8 8 8 8 7.970322 7.464742 7.157818 7.079721 7.001625 6.91481 6.675459 6.529091 6.361928 6.197634 6.113404 6.156389 6.199443 6.234472 6.270916 6.210576 6.149598 6.088975 6.154541
6 6 6 6.000741 6.054694 6.116573 5.869121 5.636567 5.657376 5.855915 6 6 6 5.99076 5.95352 6.089124 6.189824 6.291517 6.440552 6.513062 6.618292 6.807488 7.229306 7.440215 7.651124 7.780746 7.828887 7.852361 7.875833 7.899323 7.925739 7.907227 7.970659 8.044305 8.17861 8.319263 8.41026 8.268653 8.064447 8.014162 8 8 8 8 8 8 8 8 8 7.920106 7.574507 7.395403 7.19163 6.981969 6.573577 6.393704 6.22901 6.09342 6.071667 6.107544 6.150598 6.180571 6.249179 6.20048 6.139761 6.079146 6.242539
6 6 6.000703 6.061167 6.171463 6.282146 6.399491 6.171233 6.004457 6 5.984648 5.932815 5.800278 5.612457 5.346811 5.46685 5.679506 5.91447 6.160655 6.288752 6.489505 6.700414 7.122231 7.33314 7.544049 7.752817 7.87412 7.897606 7.921093 7.944577 7.990613 7.999859 8.042778 8.11685 8.239941 8.305116 8.226127 8.17055 8.064095 8.013142 8 8 8 8 8 8 8 8 8 7.960876 7.140374 6.958157 6.792611 6.629933 6.304578 6.142316 6.046127 6.036322 6.02551 6.024636 6.050571 6.070464 6.155411 6.163083 6.104228 6.052394 6.125179
6 6 6 6.005154 6.071678 6.180847 6.225768 6.085277 6.000338 6 5.868552 5.782286 5.610358 5.427856 5.430042 5.51685 5.664883 5.819928 6.05154 6.22527 6.435967 6.646876 7.068695 7.279603 7.490512 7.701421 7.896737 7.920223 7.943709 7.967196 8.001279 8 8.035522 8.111125 8.258013 8.273533 8.223097 8.16987 8.063416 8.01263 8 8 8 8 8 8 8 8 8 7.798529 6.992292 6.829911 6.667717 6.505039 6.179684 6.046379 6.023627 6.016282 6.004811 6.001199 5.998638 6.009619 6.082193 6.091037 6.026554 6.000547 5.985992
