includes/mnt-gz40.asc
ncols         321
nrows         214
xllcorner     581631.96258723
yllcorner     2322287.7286513
cellsize      40
NODATA_value  -9999
[rows 120 to 149 of 214, columns 134 to 200 of 321]
7.031865 7.00363 6.975396 6.937689 6.833199 6.72346 6.674705 6.645606 6.616507 6.587408 6.560281 6.576293 6.664927 6.772486 6.879795 6.987103 7.094412 7.201596 7.298133 7.411466 7.61561 7.728823 7.906129 8.007052 8.026549 8.053089 8.098843 8.146137 8.266182 8.527911 8.564171 8.569077 8.568516 8.556204 8.542965 8.529726 8.509345 8.456314 8.389843 8.368009 8.361957 8.362816 8.376024 8.40018 8.460476 8.666089 8.893608 9.091007 9.308891 9.556963 9.8088 10.22452 11.20128 11.81607 12 12 11.97633 11.7442 11.40894 10.92822 10.31856 8.406974 6.102141 6 6 6 6
6.84141 6.816083 6.787849 6.743934 6.633304 6.516025 6.419765 6.383767 6.354668 6.336817 6.385433 6.462959 6.541264 6.642828 6.750137 6.857446 6.964755 7.070526 7.163117 7.252742 7.395844 7.540833 7.767413 7.940886 7.999426 8.012041 8.049007 8.114295 8.37057 8.607728 8.622816 8.627651 8.632435 8.6286 8.615042 8.582878 8.518987 8.449508 8.380171 8.347141 8.340852 8.334561 8.328272 8.323545 8.329135 8.417622 8.638715 8.894937 9.167483 9.448135 9.735776 10.16278 10.9409 11.45148 11.90321 12 12 11.99933 11.73171 11.11103 10.48378 8.872824 6.200319 6 6 6 6
6.569627 6.609904 6.600303 6.547685 6.433409 6.31613 6.199541 6.124123 6.124498 6.193319 6.286276 6.354635 6.431253 6.515437 6.620479 6.727788 6.835097 6.937845 7.0281 7.117619 7.212023 7.36822 7.561018 7.752139 7.937055 8 8.008234 8.168446 8.491262 8.676487 8.681461 8.686296 8.691132 8.687927 8.649969 8.58139 8.511911 8.442432 8.372953 8.326817 8.319983 8.313694 8.307404 8.301114 8.295116 8.315993 8.544897 8.84496 9.140854 9.432953 9.723351 10.07452 10.59942 11.11312 11.61106 11.97142 12 12 11.89447 11.33224 10.69344 9.466628 6.416944 6 6 6 6
6.250902 6.31651 6.384778 6.371545 6.259628 6.147337 6.040267 6.000353 6.016129 6.10184 6.179545 6.246875 6.324193 6.401619 6.491323 6.598131 6.70544 6.803597 6.893084 6.982275 7.067662 7.232906 7.414982 7.590033 7.78202 7.957302 8.000557 8.258027 8.609709 8.735271 8.739106 8.728081 8.693619 8.646446 8.621916 8.57377 8.504837 8.435358 8.365879 8.309371 8.299116 8.292827 8.286536 8.280247 8.285056 8.3134 8.449821 8.75254 9.058719 9.364643 9.667557 9.979589 10.42181 10.87288 11.30558 11.82115 12 12 11.95767 11.46159 10.83665 10.05445 6.740501 6 6 6 5.999889
6.080791 6.171094 6.256178 6.277924 6.195678 6.086551 6.004636 6 6 6.017582 6.069024 6.139816 6.217134 6.294453 6.372545 6.468473 6.574916 6.66855 6.75636 6.832834 6.923656 7.114241 7.318296 7.508769 7.662931 7.822216 7.974064 8.226609 8.691673 8.764647 8.722389 8.671752 8.621115 8.574579 8.554634 8.538242 8.496313 8.428282 8.358804 8.294958 8.278249 8.271958 8.265669 8.265661 8.291387 8.321661 8.384369 8.652534 8.958714 9.264894 9.561951 9.816274 10.09328 10.4834 10.98673 11.59551 11.98857 12 11.98923 11.56971 10.94805 10.3336 7.449823 5.997945 5.987449 5.96781 5.939086
6.009893 6.075884 6.148644 6.170765 6.124873 6.03519 6 6 6 6 6.002307 6.047383 6.115849 6.188478 6.264712 6.34479 6.442726 6.528932 6.601839 6.671786 6.790157 6.992536 7.196592 7.400649 7.603039 7.77732 7.91402 8.1841 8.610532 8.662952 8.641354 8.598155 8.547518 8.502714 8.484502 8.469317 8.453668 8.418117 8.351728 8.283532 8.25738 8.251091 8.247795 8.269374 8.299647 8.329921 8.36228 8.552528 8.85845 9.144187 9.38096 9.60042 9.824036 10.14052 10.71754 11.34358 11.86944 11.80887 11.81846 11.71682 11.11129 10.49991 8.643143 5.973336 5.889598 5.859813 5.844045
5.970827 5.983167 6.037071 6.057745 6.033865 6.002208 6 6 6 6 6.024987 6.094759 6.143509 6.192569 6.241804 6.290783 6.317544 6.371603 6.44063 6.512074 6.666776 6.870831 7.074888 7.278945 7.483002 7.687058 7.882062 8.141945 8.466973 8.490032 8.487657 8.483963 8.464851 8.431001 8.414369 8.399185 8.384001 8.368816 8.338852 8.275174 8.236513 8.231353 8.247437 8.277635 8.307908 8.338181 8.368455 8.464118 8.721967 8.958082 9.195137 9.438931 9.684686 9.939926 10.47386 11.12534 11.74107 11.75126 11.48938 11.76623 11.29074 10.67274 9.584473 6.168668 5.845232 5.876178 5.915171
5.920832 5.914589 5.94846 5.96954 5.998256 6 6 6 6 6.023277 6.152256 6.249435 6.296113 6.342791 6.367555 6.3237 6.26695 6.278193 6.305061 6.363124 6.536464 6.731414 6.924285 7.113281 7.300472 7.483554 7.703645 8.068019 8.309684 8.315175 8.312799 8.314098 8.333149 8.359315 8.348135 8.331375 8.315344 8.299378 8.283609 8.258765 8.217567 8.225973 8.255432 8.282598 8.306728 8.327818 8.347029 8.403479 8.621416 8.870967 9.119113 9.365654 9.612185 9.85888 10.27524 10.89898 11.52236 11.86292 11.4859 11.62235 11.51546 10.86934 10.16492 7.048606 5.980669 5.995533 6
5.870837 5.854933 5.873937 5.918668 5.973635 5.999512 6 6.000163 6.040469 6.166137 6.313835 6.404395 6.44698 6.437834 6.371767 6.29936 6.233109 6.234176 6.253335 6.273753 6.344241 6.474351 6.650193 6.832328 7.014463 7.208673 7.614519 7.993837 8.142694 8.14825 8.173141 8.214912 8.256613 8.285647 8.289652 8.268081 8.250432 8.234339 8.218246 8.20191 8.187616 8.199282 8.213432 8.227272 8.241113 8.257015 8.292253 8.361786 8.557211 8.809298 9.061384 9.313472 9.564371 9.813383 10.14982 10.71774 11.31126 11.84519 11.78154 11.76806 11.7992 11.1795 10.45279 7.992558 6 6 6
5.799633 5.7962 5.831527 5.879185 5.930187 5.981817 6.00218 6.064154 6.198308 6.338731 6.4791 6.536725 6.492113 6.419747 6.347341 6.274934 6.203493 6.19003 6.209188 6.218988 6.275166 6.343932 6.423159 6.552279 6.729209 7.035956 7.441034 7.803496 8.000305 8.058334 8.102563 8.145627 8.181447 8.207937 8.2257 8.21351 8.188354 8.169024 8.152931 8.136704 8.115079 8.12113 8.13578 8.149621 8.166527 8.199985 8.256921 8.327542 8.491828 8.743915 8.996001 9.248089 9.499971 9.744249 10.00496 10.52262 11.10708 11.6948 11.99975 12 11.93981 11.3222 10.59046 8.846703 6 6 6
5.710072 5.804063 5.867686 5.91121 5.94956 5.987255 6.037628 6.162328 6.296618 6.430907 6.540285 6.53017 6.467212 6.395321 6.322914 6.250508 6.178102 6.14598 6.163408 6.163702 6.21696 6.285726 6.354491 6.422464 6.50345 6.811979 7.178658 7.519403 7.7435 7.933981 8.032181 8.07259 8.104659 8.130106 8.15449 8.153049 8.137249 8.109383 8.087634 8.068789 8.040695 8.038678 8.058018 8.076522 8.110056 8.158222 8.226356 8.297235 8.428935 8.678533 8.930619 9.181392 9.420196 9.64968 9.878841 10.27921 10.86422 11.46706 11.96257 12 11.95716 11.39174 10.72148 9.654359 6.089865 6 6
5.754703 5.854748 5.909408 5.958755 5.999214 6.030996 6.064049 6.166584 6.300874 6.424538 6.460706 6.459245 6.414728 6.363895 6.298427 6.226082 6.153675 6.105205 6.114862 6.109356 6.158754 6.22752 6.289844 6.320396 6.346636 6.55317 6.919581 7.211004 7.420018 7.594362 7.471264 7.897127 8.023199 8.052276 8.07762 8.09035 8.077246 8.060936 8.03108 7.989257 7.946051 7.948575 7.981147 8.020096 8.064063 8.125083 8.195963 8.266842 8.373042 8.61315 8.861044 9.094867 9.320527 9.531312 9.755374 10.12779 10.72144 11.30813 11.88721 12 11.98808 11.59405 10.97517 10.15648 6.625018 6 6
5.811574 5.901496 5.950889 5.997278 6.037124 6.0712 6.101978 6.172035 6.301974 6.360516 6.367863 6.374521 6.347134 6.295131 6.251046 6.197657 6.129249 6.068663 6.063803 6.055049 6.099886 6.148459 6.164291 6.181738 6.210659 6.31445 6.651648 6.886505 7.069932 6.982703 7.254531 7.690213 7.779382 7.881161 7.965595 8.017278 8.01742 8.005808 7.959862 7.869895 7.834289 7.865779 7.914665 7.968334 8.02461 8.094286 8.165457 8.236502 8.323839 8.531273 8.738253 8.927136 9.105619 9.346112 9.672306 10.04823 10.61563 11.18193 11.77657 12 12 11.86483 11.14207 10.34203 7.56449 6 6
5.868407 5.944307 5.988216 6.002407 6.042442 6.09373 6.138162 6.186779 6.257821 6.268022 6.275021 6.28202 6.278045 6.226575 6.175455 6.132154 6.087646 6.034113 5.987633 5.804922 5.744076 5.876429 5.998367 6.045431 6.075554 6.120089 6.35618 6.550178 6.578802 6.755459 7.216398 7.413507 7.467233 7.539858 7.650613 7.761015 7.824413 7.817842 7.785464 7.736367 7.750536 7.805146 7.861813 7.91864 7.977355 8.052856 8.122271 8.184627 8.207384 8.302443 8.476962 8.666222 8.947113 9.282366 9.6192 9.97447 10.5083 11.07377 11.64456 11.99796 12 11.85278 11.19569 10.50716 8.555868 6.008344 6
5.922692 5.983526 6 6 6.016584 6.070427 6.12633 6.175833 6.177556 6.176134 6.182178 6.189177 6.195364 6.16363 6.105979 6.055866 6.010184 5.954195 5.808836 5.372148 5.227619 5.410304 5.7169 5.853475 5.901551 5.946794 6.051693 6.194713 6.350338 6.691138 7.007841 7.112572 7.165641 7.219255 7.302785 7.407681 7.443706 7.432563 7.45854 7.54297 7.618307 7.672255 7.72627 7.780286 7.852927 8.000414 8.033789 8.056189 8.03013 8.054121 8.240409 8.55218 8.887297 9.223616 9.563738 9.90794 10.34118 10.89859 11.46818 11.95625 12 11.78889 11.19427 10.60677 9.39477 6.159668 6
5.972055 5.999602 6 6 6.002262 6.042186 6.098089 6.140833 6.131608 6.120081 6.105734 6.099375 6.103333 6.096359 6.042866 5.976184 5.903852 5.839468 5.6289 5.347533 5.261483 5.205217 5.401904 5.625147 5.678471 5.734813 5.847713 5.997175 6.202827 6.518418 6.748872 6.81098 6.864048 6.917118 6.972795 7.048535 7.082263 7.157659 7.259478 7.361492 7.454152 7.511331 7.565346 7.619801 7.804031 8 8 8 8 8 8.130035 8.475367 8.833099 9.198173 9.552719 9.843471 10.13519 10.4872 10.96651 11.86192 12 11.91159 11.43643 10.89546 10.03544 6.653442 6
5.996493 6 6 6 6 6.01615 6.069848 6.104154 6.08858 6.077717 6.067863 6.053002 6.034889 6.022946 5.96972 5.882974 5.796755 5.724207 5.515688 5.401041 5.317447 5.233852 5.184831 5.366397 5.45566 5.542535 5.685463 5.827114 6.018665 6.306995 6.456318 6.509387 6.563157 6.632782 6.727921 6.838708 6.895188 6.975911 7.077924 7.179937 7.28089 7.350407 7.404422 7.475312 7.916701 8 8 8 8.000096 8.021476 8.145411 8.494064 8.864742 9.211485 9.495848 9.768137 10.05331 10.37442 10.81067 11.824 12 12 11.80512 11.14839 10.42102 8.098557 6.00817
6 6 6 6 6 6.002117 6.041607 6.065985 6.046182 6.034012 6.024298 6.01527 6.004247 5.992516 5.932654 5.828818 5.72709 5.632604 5.545383 5.459877 5.374956 5.289851 5.206171 5.162901 5.244934 5.372011 5.505623 5.636106 5.836071 6.078188 6.190801 6.299847 6.436862 6.579967 6.715147 6.85395 7.018286 7.030937 6.934375 6.998384 7.100397 7.188436 7.243498 7.532285 8 8 8 8.014049 8.07818 8.175449 8.277691 8.531353 8.869581 9.158566 9.45516 9.766163 10.04184 10.52352 11.15897 11.85945 12 12.00716 11.98043 11.39723 10.64698 9.018147 6.083619
6 6 6 6 6 6 6.015716 6.025539 5.919711 5.854465 5.974421 5.989036 5.985229 5.977666 5.923725 5.819889 5.716053 5.655141 5.64472 5.568913 5.479256 5.389599 5.299942 5.210285 5.183194 5.201314 5.31163 5.445877 5.673105 6.000452 6.170076 6.318354 6.456398 6.589955 6.723482 6.860079 7.029703 7.207265 7.32968 7.155566 6.968155 7.018124 7.110989 7.816707 8 8 8.00063 8.061734 8.173759 8.283893 8.393878 8.580553 8.895779 9.201614 9.518226 9.836583 10.11891 10.71735 11.36583 11.96464 12.25493 12.34416 12.28556 11.61104 10.86868 9.902827 7.004313
6.021665 6.015004 6.009654 6.005523 6.002401 6.000585 5.970063 5.580327 5.313982 5.543203 5.806301 5.964046 5.968863 5.962815 5.914796 5.81096 5.720081 5.708251 5.713328 5.689979 5.605138 5.515481 5.425824 5.338758 5.399743 5.347301 5.253182 5.288958 5.672713 6.051975 6.197058 6.331236 6.464763 6.59829 6.731818 6.866471 7.032811 7.210374 7.387936 7.56508 7.573345 7.231254 7.432998 7.987574 8 8 8 8.020161 8.123517 8.237283 8.346114 8.649391 9.059598 9.388321 9.666554 9.94776 10.30238 10.79216 11.32553 11.90118 12.42223 12.79993 12.60985 11.96981 11.33489 10.54295 8.457642
6.06286 6.055887 6.048915 6.041942 6.034969 6.025228 5.863856 5.354046 5.282188 5.356624 5.567149 5.827252 5.949635 5.947608 5.905241 5.803084 5.75857 5.76335 5.768427 5.772574 5.730113 5.641363 5.551705 5.478921 5.5995 5.626868 5.536208 5.687109 5.930896 6.081809 6.206333 6.339571 6.473098 6.606626 6.740153 6.873978 7.03592 7.213482 7.391045 7.568607 7.74617 7.897712 8 8 8 8 8 8.00168 8.07156 8.177266 8.317625 8.711208 9.138657 9.55204 9.903225 10.21375 10.51985 10.83851 11.24713 11.75608 12.27843 12.65109 12.53255 12.23543 11.84874 11.21511 9.649575
6.103351 6.097083 6.09011 6.083138 6.070574 6.032084 5.788963 5.483109 5.48758 5.495132 5.50969 5.61826 5.843383 5.931788 5.894855 5.81651 5.813371 5.818449 5.823526 5.828604 5.828768 5.767244 5.677588 5.630778 5.781132 5.900396 5.96622 6.040863 6.071831 6.134562 6.238375 6.351925 6.481434 6.614961 6.748489 6.881507 7.039029 7.216591 7.394154 7.571716 7.752175 7.93165 8 8 8 8 8 8 8.021545 8.098027 8.346764 8.773025 9.200499 9.628812 10.03337 10.36964 10.70113 11.03121 11.35888 11.69073 12.03716 12.0488 12.00501 12 12 11.97155 11.05457
6.133806 6.138279 6.131306 6.114647 6.072164 6.024244 5.774085 5.686794 5.694346 5.701898 5.709449 5.717 5.744112 5.865269 5.888532 5.863392 5.86847 5.873548 5.878625 5.883703 5.888781 5.879812 5.803469 5.794327 5.958052 6.074884 6.092068 6.113998 6.144424 6.193821 6.294481 6.398583 6.504594 6.624434 6.756824 6.890351 7.042138 7.2197 7.397737 7.576144 7.739494 7.883103 7.986522 8 8 8 8 8 8 8.049139 8.405813 8.839396 9.271942 9.704153 10.10334 10.43845 10.77356 11.11026 11.44851 11.77631 11.97093 12 12 12 12 12 11.92505
6.141033 6.176697 6.157496 6.112541 6.065194 6.016975 5.894927 5.89356 5.898272 5.89956 5.900551 5.897033 5.892057 5.885844 5.888143 5.898952 5.9137 5.925117 5.932491 5.938729 5.94388 5.948957 5.924803 5.96423 6.097204 6.198932 6.212085 6.212161 6.221798 6.256663 6.350927 6.455029 6.559131 6.663232 6.772888 6.898801 7.045559 7.221747 7.383995 7.521455 7.646299 7.765514 7.878408 7.965736 7.998236 8 8 8 8 8.008307 8.270069 8.711073 9.157441 9.656979 10.16346 10.52297 10.86203 11.20109 11.53814 11.78285 11.94197 12 12 12 12 12 12
6.142861 6.173794 6.142124 6.096676 6.051228 6.010149 5.979515 5.94876 5.931258 5.913755 5.896254 5.878752 5.861249 5.848547 5.842813 5.840838 5.860446 5.88693 5.913414 5.938001 5.959929 5.978578 5.999125 6.101352 6.21974 6.322979 6.337644 6.337329 6.336328 6.316704 6.393056 6.498847 6.604662 6.710489 6.815807 6.921609 7.03051 7.153478 7.273075 7.391944 7.510813 7.629214 7.737042 7.82745 7.923449 7.997983 8 8 8 8 8.0546 8.466993 9.026146 9.623177 10.16644 10.59922 10.95366 11.29272 11.57652 11.74446 11.9039 11.9992 12 12 12 12 12
6.111083 6.131602 6.103893 6.05845 6.01514 6 5.993725 5.915098 5.873605 5.856103 5.838601 5.821099 5.806961 5.800766 5.795202 5.789639 5.787762 5.807881 5.834365 5.860849 5.889239 5.935297 6.022014 6.200573 6.342034 6.447026 6.463203 6.459445 6.404438 6.325192 6.403674 6.510028 6.616382 6.722736 6.829145 6.941396 6.994101 7.030761 7.137243 7.256112 7.37498 7.49202 7.591375 7.686947 7.824035 7.964056 8 8 8 8 8.015008 8.42215 9.010271 9.608199 10.15429 10.60548 11.0328 11.35945 11.54528 11.70472 11.86416 11.99017 12 12 12 12 12
6.070542 6.086786 6.063747 6.021021 6.000384 6 6 5.959855 5.848133 5.798541 5.780948 5.765476 5.758717 5.753154 5.747591 5.742028 5.736465 5.734715 5.757104 5.802691 5.870335 5.944452 6.053947 6.250613 6.44373 6.571099 6.578971 6.505168 6.397757 6.325141 6.413199 6.519554 6.625907 6.732365 6.846446 6.960104 6.985412 6.993042 7.02011 7.120279 7.239148 7.352048 7.45022 7.58603 7.735437 7.884844 7.992737 8 8 8 8.100519 8.534796 9.03998 9.589495 10.11784 10.56777 11.00646 11.31169 11.5036 11.66387 11.8231 11.9795 12.06187 12.07367 12.08548 12.09749 12.10641
6.030002 6.042033 6.020524 6.001201 6 6 6 5.991057 5.894794 5.780373 5.725292 5.716384 5.707604 5.698156 5.685925 5.672751 5.657195 5.667862 5.747758 5.821765 5.896371 5.972755 6.118546 6.312335 6.503843 6.65682 6.60395 6.49602 6.38809 6.327438 6.422725 6.529079 6.635584 6.750242 6.876999 6.966374 6.97671 6.984339 6.991969 7.012539 7.103249 7.213263 7.348026 7.497433 7.64684 7.796296 7.944051 8 8 8 8.117823 8.551317 9.024102 9.508886 10.00853 10.44622 10.85604 11.09699 11.36399 11.59987 11.77588 11.93653 12.21755 12.32993 12.34568 12.36127 12.27237
6.017333 5.968002 5.845067 5.743572 5.795748 5.983596 6 5.997221 5.905634 5.754596 5.617127 5.587763 5.566889 5.546015 5.525141 5.506081 5.541882 5.66046 5.784511 5.865548 5.937039 6.03296 6.203162 6.370883 6.530445 6.612243 6.58196 6.486353 6.378423 6.332134 6.43225 6.538804 6.654038 6.78094 6.907293 6.960377 6.968007 6.975636 6.983265 6.990895 7.010406 7.12255 7.271745 7.422606 7.575735 7.729321 7.882479 7.993575 8 8 8.097448 8.519966 8.965721 9.42341 9.895329 10.3342 10.6631 10.86338 11.12965 11.40015 11.66507 11.88084 12.13599 12.51704 12.61048 12.57442 12.37901
5.96139 5.823922 5.70821 5.72055 5.843718 5.950753 5.978205 5.913837 5.759645 5.575579 5.434793 5.407994 5.38712 5.366246 5.355041 5.424649 5.551923 5.681291 5.810451 5.911982 5.981684 6.05957 6.212653 6.371537 6.514701 6.529758 6.512713 6.47069 6.368755 6.337007 6.442022 6.557834 6.684879 6.812616 6.926946 6.951674 6.959303 6.966933 6.974758 6.986508 7.025669 7.14029 7.263833 7.397301 7.541224 7.688209 7.83592 7.973701 8 8 8.079337 8.492801 8.938556 9.384311 9.808428 10.18232 10.45116 10.62977 10.89406 11.16456 11.43507 11.70108 11.99963 12.44576 12.79357 12.66111 12.40654
