includes/mnt-gz50.asc
ncols         257
nrows         171
xllcorner     581631.96258723
yllcorner     2322297.7286513
cellsize      50
NODATA_value  -9999
[rows 29 to 57 of 171, columns 134 to 200 of 257]
6.970815 7.155702 7.136604 7.098432 7.087248 7.110599 7.151773 7.236433 7.278762 7.321171 7.3695 7.495331 7.571367 7.648579 7.721633 7.806556 7.833289 7.860023 7.886821 7.941652 7.969668 8.844094 10.41261 11.1918 10.93519 10.55373 10.17338 10.04894 11.61132 10.79095 8.072153 7.524027 7.333232 7.278222 7.213592 7.047525 7.053281 7.07827 7.080571 7.028669 7.022707 7.032214 7.026656 6.877248 6.724613 6.790405 6.857612 6.96654 6.992985 7.037963 7.457105 7.011127 7 7 7 5.533662 5.473421 7.205742 7.88117 7.300907 6.878881 6.501258 6.530707 6.900287 6.625835 6.35676 6.094971
6.791961 6.941301 6.925211 6.980275 7.030001 7.089514 7.158685 7.312575 7.389788 7.467 7.544139 7.655274 7.683524 7.710305 7.737444 7.793039 7.821111 7.848551 7.874543 7.923435 7.951902 7.983791 10.1396 11.61479 12.10118 11.85359 11.82027 11.48113 8.206003 8.043526 7.89215 7.245255 7.149139 7.144787 7.090375 6.938825 7.094359 7.342103 7.516026 7.477683 7.175352 6.818779 6.837535 6.661523 6.452566 6.413507 6.462389 6.590652 6.674516 6.931508 7.068536 7.045445 7 7 6.992003 6.332769 6.10755 7.098824 7.317958 7.090402 6.79063 6.765072 6.852859 6.536665 6.871257 6.646832 6.282537
6.790202 6.847824 6.889178 7.028755 7.105968 7.18318 7.260392 7.414817 7.491372 7.554462 7.594705 7.649166 7.676742 7.704725 7.732258 7.782976 7.806161 7.828529 7.851661 7.910827 7.942972 7.975116 9.4078 11.70446 12.46492 12.24419 11.96956 9.569381 7.817531 7.683502 7.636816 7.117436 7.080811 7.076577 7.029973 6.793654 6.636873 6.92947 7.27502 7.508952 7.067843 6.644251 6.625866 6.583492 6.364423 6.283111 6.276135 6.402199 6.561039 6.757895 6.986629 7 7 7 7 6.986107 6.908868 7.011436 7.052484 6.987727 6.931186 6.927572 6.829998 6.181634 6.583488 6.871898 6.648602
6.784899 6.897366 6.976572 7.130997 7.208209 7.285421 7.362634 7.497147 7.53379 7.560888 7.588439 7.642124 7.666857 7.69014 7.712512 7.757246 7.780002 7.806639 7.837863 7.902153 7.934297 7.966558 8.930095 11.79414 12.7002 12.74016 12.34963 7.865883 7.335126 7.220465 7.211227 6.950417 6.981456 6.984555 6.926884 6.564735 6.351815 6.38602 6.650459 7.045937 6.902805 6.496205 6.400142 6.511792 6.289821 6.165958 6.132671 6.219272 6.211414 6.458884 6.752841 6.941088 6.846563 6.843816 6.885808 6.873449 6.846677 6.846254 6.63026 6.526428 6.543248 6.451958 6.205801 6.029037 6.382644 6.848267 6.88596
6.82549 6.983425 7.078813 7.233238 7.31045 7.384458 7.439155 7.499738 7.5259 7.550725 7.5741 7.618863 7.64123 7.663597 7.685964 7.734245 7.764901 7.797045 7.829189 7.89391 7.927252 7.961269 8.5609 11.81728 12.81176 13.19329 12.33644 7.249928 6.694086 6.643811 6.945174 6.407157 6.397235 6.627175 6.583833 6.277576 6.082813 6.018174 6.03249 6.321663 6.367632 6.269929 6.16725 6.355977 6.19662 6.054635 6.022746 5.986876 6.003583 6.200465 6.463518 6.543674 6.091976 5.87451 5.998803 6.209637 6.314582 6.060155 5.611418 5.984138 6.011334 6 6 6.337254 6.85364 6.788309 6.643867
6.952495 7.115343 7.256352 7.342021 7.364462 7.386829 7.409196 7.453931 7.476298 7.498665 7.521032 7.565766 7.589913 7.619092 7.651118 7.715868 7.749244 7.783276 7.817407 7.885671 7.919802 7.953863 8.053081 11.46418 12.4621 12.21231 9.036566 6.294016 6 6 6.002926 6.027341 6 6.042052 6.071032 6.003371 6 6 6 6 6 6 6 5.983527 5.976539 5.956431 5.929852 5.877293 5.892326 6.117016 6.32925 5.642252 5.318141 5.118554 5.237811 4.656244 5.352298 5.987961 5.982809 6 6.012047 6.072116 6.158364 6.784398 6.972382 6.754489 6.495584
6.953135 7.056306 7.18013 7.315547 7.337914 7.360281 7.382648 7.427382 7.44975 7.472117 7.494484 7.546304 7.578154 7.610446 7.643452 7.711345 7.745476 7.779608 7.813685 7.881398 7.915033 7.948591 7.98215 11.20859 12.07592 11.24081 7.804906 6.153675 6.016311 6 6 6 6 6 5.882536 5.93324 5.999214 6 6 6 6 5.999411 5.930051 5.772776 5.83088 5.87624 5.864936 5.825473 5.827595 6.020329 6.095073 5.734142 5.541694 5.565862 5.642661 5.431779 5.505735 6 6 6.010142 6.063279 6.253742 6.362516 6.717175 6.998797 6.880701 6.624048
6.811436 6.908896 7.065303 7.288999 7.311366 7.333733 7.3561 7.400835 7.423202 7.446257 7.473624 7.53783 7.571239 7.605282 7.639414 7.70745 7.74125 7.774902 7.808462 7.87569 7.911177 7.948242 7.98456 11.14047 11.90482 9.168494 7.221252 6.264227 6.108894 6.005737 6 6 6 5.997073 5.788502 5.687551 5.90581 5.993978 6 6 5.997975 5.912 5.706542 5.556505 5.634329 5.712153 5.763314 5.737947 5.737416 5.807877 5.88483 5.934191 5.935189 5.963729 5.981715 5.981222 5.886672 6.02652 6.091939 6.034681 6.106846 6.336755 6.546281 6.771226 6.984443 6.97086 6.783116
6.664026 6.767242 6.957287 7.262451 7.284818 7.307185 7.329552 7.374637 7.401082 7.432394 7.465429 7.533322 7.567286 7.601101 7.634769 7.703168 7.739693 7.778148 7.818453 7.904006 7.947772 7.983558 7.995453 11.06275 11.92138 8.850329 7.199704 6.483787 6.267688 6.078475 6.000428 6 6 5.988389 5.752933 5.461232 5.647808 5.843661 5.987981 5.996449 5.89945 5.72222 5.571195 5.400795 5.452092 5.516919 5.593 5.64523 5.653084 5.727622 5.807729 5.978819 6 6 6 6.035351 6.12793 6.210648 6.302901 6.061564 6.151872 6.388227 6.62644 6.948889 6.996612 7 6.939477
6.369206 6.521627 6.741485 7.168097 7.231763 7.256707 7.287487 7.360572 7.399636 7.440599 7.483412 7.570943 7.614708 7.658474 7.70224 7.789771 7.833536 7.877302 7.921067 7.979137 7.983968 7.988441 7.992914 9.904843 11.68288 10.64025 7.789424 7.182072 6.868691 6.556541 6.219053 6.000473 6 5.971444 5.845512 5.909064 5.971957 5.942988 5.885333 5.976686 5.965917 5.867781 5.763837 5.314608 5.306823 5.342215 5.377641 5.500648 5.542925 5.396114 5.217968 4.916319 5.157146 5.718366 6.157372 6.534042 6.622475 6.659829 6.728674 6.464753 6.552104 6.8003 6.977872 6.982053 6.966927 6.946761 6.922803
6.226527 6.413333 6.635024 7.1206 7.232198 7.273145 7.31688 7.404411 7.448177 7.491942 7.535708 7.623239 7.667005 7.71077 7.754536 7.842067 7.885833 7.929598 7.963477 7.978226 7.982698 7.987173 7.991677 9.317622 11.43335 11.52138 8.48575 7.398351 7.095824 6.68374 6.170549 6.005892 6 6 5.988059 5.956934 5.90042 5.842607 5.784795 5.785556 5.965373 5.963989 5.861892 5.341703 5.246107 5.305069 5.393569 5.606016 5.695723 5.675152 5.50717 5.367312 5.679589 6.125987 6.481925 6.810486 6.876287 6.897351 6.914305 6.835519 6.806693 6.813638 6.79257 6.670953 6.512505 6.456734 6.408817
6.217777 6.433365 6.724154 7.272435 7.296667 7.325411 7.369176 7.456707 7.500473 7.544239 7.588004 7.675535 7.719301 7.763066 7.806832 7.894363 7.936976 7.961901 7.96801 7.976956 7.981454 7.986016 7.990614 8.774984 11.08791 11.92996 10.68301 7.641109 7.247588 6.54785 6.116346 6.003885 6 6 5.984713 5.865954 5.805775 5.74566 5.686038 5.587073 5.750374 5.964353 5.94997 5.463434 5.339898 5.397325 5.50332 5.716624 5.809858 5.866619 5.796256 5.84526 6.138433 6.561121 6.859961 6.815202 6.642253 6.587673 6.46285 6.349331 6.27888 6.267942 6.276171 6.239441 6.05262 5.888432 5.826432
6.480355 6.653139 6.945899 7.404796 7.383126 7.378651 7.421473 7.509004 7.552769 7.596535 7.640301 7.727832 7.771597 7.815363 7.859128 7.941903 7.957658 7.962268 7.966741 7.975787 7.980384 7.984983 7.989582 8.346434 10.69878 11.41268 11.84916 7.829527 7.134045 6.376292 6.080839 6.004066 6 5.995267 5.87329 5.733332 5.67558 5.617827 5.562083 5.538717 5.616051 5.818527 5.986526 5.735649 5.695093 5.532846 5.618552 5.827274 5.922615 5.990439 5.993551 6 6.053513 6.496641 6.668211 6.256307 5.979521 5.866963 5.807066 5.788866 5.735645 5.764263 5.839703 5.788095 5.607967 5.426234 5.26491
7.096615 7.097203 7.389387 7.590878 7.564894 7.539091 7.526791 7.613596 7.657362 7.701128 7.744893 7.832424 7.87619 7.918141 7.940833 7.950792 7.955331 7.959924 7.964523 7.973722 7.978323 7.982928 7.987536 7.996757 9.381253 10.7181 11.35848 9.41779 7.105468 6.207082 6.063286 6.00443 6 5.919074 5.610014 5.54299 5.579945 5.618354 5.656764 5.732847 5.747826 5.846908 5.983008 6.056409 6.431203 6.287702 5.936827 6.08806 6.428002 6.331594 6.022463 6 6 6 5.946805 5.474539 5.381109 5.09029 5.112365 5.318663 5.479531 5.225755 5.001378 4.890375 4.84698 5.045362 5.356107
7.416521 7.336012 7.607524 7.682088 7.655868 7.635763 7.594571 7.665893 7.709658 7.753424 7.797189 7.88472 7.922269 7.936094 7.940574 7.949694 7.954293 7.958892 7.963493 7.972706 7.977316 7.981926 7.986537 7.996583 8.976979 10.55298 11.18404 10.38932 7.372474 6.698316 6.176836 6.000597 6 5.98555 5.758385 5.640159 5.678715 5.717124 5.755533 5.831368 5.840831 5.894707 5.996445 6 6.07173 6.149141 6.006295 6.071226 6.384327 6.234899 6.019901 6 6 6 5.978339 6.004355 5.71433 5.246904 5.100128 5.347692 5.53468 5.505795 5.017194 4.880835 5.166074 5.456027 5.788852
7.736425 7.592442 7.788301 7.773299 7.747079 7.727818 7.687267 7.718189 7.761954 7.80572 7.849485 7.922607 7.930355 7.934879 7.939464 7.948664 7.953268 7.957876 7.962487 7.972564 7.979338 7.987404 7.994581 8 8.514344 10.40921 11.03691 11.29284 7.827055 7.205783 6.627798 6 6 6 5.947175 5.738322 5.7767 5.815894 5.854313 5.929291 5.936358 5.960826 6 6 6 5.996528 5.988362 5.975317 5.937679 5.90452 5.862639 5.969464 5.999261 6 6.002 6.406425 5.938086 5.466406 5.12258 5.390058 5.577045 5.707179 5.328972 5.498031 5.687911 5.870737 5.99337
8.090498 8.230621 8.021933 7.95572 7.9295 7.904694 7.890298 7.823186 7.866547 7.902417 7.914431 7.923907 7.930161 7.937768 7.946725 7.968066 7.979119 7.989654 7.996774 8 8 8 8 8 8 8.900835 10.32096 11.88561 9.43717 7.518526 6.903795 6.012835 6 6 6 5.997834 6.107749 6.399319 6.917372 7.688995 7.067383 6.120063 5.952485 5.852823 5.770495 5.722836 5.695984 5.640039 5.616198 5.58308 5.54785 5.684619 5.783476 5.886309 5.962983 5.654331 5.487437 5.320542 5.15683 5.446536 5.65031 5.844418 5.983262 5.956745 5.933986 6 6
8.737429 8.986394 8.381508 8 7.996594 7.985676 7.979332 7.887365 7.903357 7.913018 7.921681 7.942691 7.953744 7.964797 7.97585 7.995089 7.999329 8 8 8 8 8 8 8 8 8.14179 10.01506 11.75859 10.69636 7.697706 7.150071 6.2244 6.001425 6.071162 6.585115 6.914812 7.908743 8.305403 8.024734 7.09191 6.233589 5.975107 5.861637 5.664207 5.603114 5.562274 5.534898 5.478879 5.450944 5.424625 5.389836 5.535836 5.662302 5.867792 5.942095 5.671071 5.507027 5.340133 5.173238 5.42288 5.635968 5.852804 5.997934 5.600117 5.416524 5.985559 6
8.649446 8.785184 8.511767 8 8 8 8 7.969037 7.928783 7.939423 7.950476 7.972582 7.983634 7.993053 7.998499 8 8 8 8 8 8 8 8 8 8 8.148946 10.16133 11.72427 11.35051 8.097546 7.605349 6.656206 6.446366 7.16012 8.129001 9.544993 9.154228 7.668791 6.47589 5.9829 5.970758 5.948924 5.833743 5.54731 5.448641 5.421556 5.378891 5.31772 5.289711 5.261887 5.233541 5.467844 5.712765 5.928532 5.863237 5.649928 5.516229 5.359645 5.192829 5.3981 5.623536 5.905719 6 5.108955 4.667989 5.573842 6
8.347679 8.389757 8.38295 8 8 8 8 8 7.971608 7.969313 7.980366 7.997313 7.999886 8 8 8 8 8 8 8 8 8 8 8 8 8.008898 9.866724 11.80983 11.44745 8.452501 7.968643 7.545733 8.554572 10.48865 10.58007 7.733828 6.46839 6.012102 5.993071 5.955121 5.942185 5.922089 5.806453 5.5137 5.453571 5.522327 5.56705 5.488188 5.401512 5.325026 5.260137 5.663741 5.918633 5.864155 5.47997 5.467508 5.427824 5.346063 5.210284 5.401128 5.710006 5.973604 6 5.473895 4.746531 5.593415 6
8 8 8 8 8 8 8.020567 8.253071 8.179193 8.025188 8 8 8 8 8 8 8 8 8 8 8 8 8 8 8 8 8.327002 11.96546 12 12 12 10.12619 7.515745 6.511622 6.016796 5.939524 5.944283 5.999611 5.997597 5.953625 5.931026 5.869002 5.724513 5.456493 5.638916 5.666997 5.723061 5.874562 5.950767 5.99812 6 5.976253 5.623016 5.172594 4.807364 4.816407 4.88249 4.948574 5.018716 5.488807 5.7556 5.919933 5.79831 5.767328 5.684991 5.881668 5.99916
8 8 8 8 8.055229 8.537703 8.727707 8.453877 8.277229 8.100733 8.001836 8 8 8 8 8 8 8 8 8 8 8 8 8 8 8 8 11.83504 12 11.86974 10.0075 8.279336 6.820817 6.017308 5.971029 5.900766 5.886842 5.97968 5.998983 5.958661 5.936009 5.821184 5.67249 5.497201 5.7371 5.751267 5.79249 5.93638 5.993909 6 6 5.980499 5.641328 5.259267 5.01656 4.785862 4.851946 4.918029 5.024414 5.53694 5.707376 5.742293 5.511812 5.151208 5.239465 5.65126 5.990149
8 8 8 8 8.371788 8.941441 8.858232 8.515601 8.342744 8.169237 8.022358 8 8 8 8 8 8 8 8 8 8 8 8 8 8 8 8.229481 11.54368 11.99355 9.992163 7.379889 6.88085 6.180205 5.996758 5.961778 5.874476 5.84062 5.91877 5.99918 5.970167 5.915984 5.770175 5.619514 5.58974 5.835283 5.839714 5.86926 5.987875 6 6 6 5.986553 5.731093 5.468036 5.261674 4.799016 4.821402 4.888669 5.067951 5.456176 5.571929 5.53993 5.290399 4.877769 5.18357 5.678171 5.993684
8 8 8 8 8.21455 8.660322 8.716314 8.529651 8.35682 8.185038 8.059237 8 8 8 8 8 8 8 8 8 8 8 8 8 8 8 8.106753 11.32792 11.91886 8.630782 6.19207 6.083561 6 6 5.993202 5.896418 5.845778 5.926483 5.99914 5.978827 5.870172 5.719166 5.568161 5.704827 5.933294 5.931716 5.947669 6 6 5.973596 5.961424 6 5.924712 5.690484 5.513228 4.988715 4.812626 4.882639 5.074933 5.319361 5.431903 5.321327 5.068986 5.042436 5.335863 5.822876 6
8 8 8 8 8.01313 8.087038 8.145626 8.262805 8.306941 8.254992 8.156544 8.001698 8 8 8 8 8 8 8 8 8 8 8 8 8 8 8 11.20641 12.12685 8.843399 7.295226 6.247277 6.016619 6 6 5.990018 5.997563 6 6 6 5.98604 5.922346 5.823635 5.944832 6 5.886841 5.68996 5.912415 5.984424 5.669577 5.422643 5.600652 5.708316 5.748202 5.897528 5.416403 5.147698 4.997339 4.892836 5.045732 5.098898 4.941004 5.065936 5.483725 5.684336 5.973402 5.558167
8 8 8 8 8 8.008089 8.057328 8.173752 8.277548 8.425481 8.267604 8.022597 8 8 8 8 8 8 8 8 8 8 8 8 8 8 8.005255 11.2779 11.92285 8.983193 7.673932 6.299504 6.015248 6 6 6 6 6 6 6 6 6 5.980818 5.998526 6 5.859075 5.594882 5.674049 5.937509 5.614465 5.211073 5.258451 5.248728 5.220497 5.417943 5.562121 5.38445 5.245778 5.107105 4.931547 4.958392 5.07744 5.286335 5.704124 5.878199 5.85289 5.732787
8.255792 8 8 8 8 8 8.015198 8.127672 8.396961 8.661366 8.500817 8.248425 8.05618 8 8 8 8 8 8 8 8 8 8 8 8 8 8.138481 11.4576 11.55851 9.139799 7.895442 6.389462 6.002058 6 6 6 6 6 6 6 6 6 6 6 5.998701 5.832435 5.625303 5.696006 5.918744 5.587699 5.157458 4.88776 4.765779 4.701675 4.764575 5.763404 5.615164 5.46028 5.303214 4.973631 5.014323 5.276373 5.493672 5.888429 5.882016 5.992371 6
9.214247 8 8 8 8 8 8.000258 8.132915 8.591496 8.890599 8.740362 8.786475 8.515461 8 8 8 8 8 8 8 8 8 8 8 8 8 8.335512 11.80791 11.3694 8.731489 7.707933 6.372813 6.038838 6.017089 6.013774 6.008656 6.006286 6.004013 6.002327 6 6.012608 6 6 6 5.996972 5.933008 5.931993 5.952527 5.986647 5.692157 5.345434 5.363891 5.287947 5.01154 4.765446 5.805608 5.634261 5.461001 5.286973 4.938768 4.997466 5.319269 5.628939 5.6362 5.135356 5.529615 5.976817
10.34095 8.959253 8 8 8 8 8 8.058838 8.595341 9.140428 9.396112 9.814979 9.967695 8.889071 8 8 8 8 8 8 8 8 8 8 8 8 8.052543 12.24976 10.37779 7.721907 7.231181 6.272496 6.144854 6.126143 6.107724 6.098702 6.094156 6.08961 6.078164 6.133744 6.563472 6.39661 6.188917 6 6 6 6 6 6 5.994644 5.905049 5.966386 5.990614 6 5.956447 5.628954 5.470376 5.311796 5.153217 4.849111 5.059137 5.622806 5.964781 5.741492 5.011472 5.814859 6
